3.7731462338756683 2.254556374192317 0.7268582634888914 0.4321381128035545 0.23597003265066446 0.11 || 1 || 10
3.7731462338756683 2.254556374192317 0.7268582634888914 0.4321381128035545 0.23597003265066446 0.11 || 1 || 12
3.7731462338756683 2.254556374192317 0.7268582634888914 0.4321381128035545 0.23597003265066446 0.11 || 1 || 14
2.4629845651055726 2.261723685293778 0.42164168882248443 0.18334581036246111 0.143162550772155 0.11 || 1 || 16
2.4629845651055726 2.261723685293778 0.42164168882248443 0.18334581036246111 0.143162550772155 0.11 || 1 || 18
6.487853315969424 2.1165550710852794 0.7122446689060233 0.31488734742875085 0.16833571316226506 0.11 || 1 || 19
6.487853315969424 2.1165550710852794 0.7122446689060233 0.31488734742875085 0.16833571316226506 0.11 || 1 || 21
6.8176358854078085 1.628115996018416 1.847086622797535 0.49825019530444886 0.26379619299768775 0.11 || 1 || 23
6.8176358854078085 1.628115996018416 1.847086622797535 0.49825019530444886 0.26379619299768775 0.11 || 1 || 25
6.8176358854078085 1.628115996018416 1.847086622797535 0.49825019530444886 0.26379619299768775 0.11 || 1 || 27
3.2794568903215446 1.7144709637246172 1.26853501244889 0.32947005495669196 0.207854017905651 0.11 || 1 || 28
3.2794568903215446 1.7144709637246172 1.26853501244889 0.32947005495669196 0.207854017905651 0.11 || 1 || 30
3.2794568903215446 1.7144709637246172 1.26853501244889 0.32947005495669196 0.207854017905651 0.11 || 1 || 32
3.2419978101351052 3.1991732790751275 0.99630808317889 0.22707069163194296 0.12952427641727265 0.11 || 1 || 34
3.2419978101351052 3.1991732790751275 0.99630808317889 0.22707069163194296 0.12952427641727265 0.11 || 1 || 36
9.57129517564303 6.402423841673805 0.9269702719689753 0.2841314248498827 0.11184795226298078 0.11 || 1 || 37
9.57129517564303 6.402423841673805 0.9269702719689753 0.2841314248498827 0.11184795226298078 0.11 || 1 || 39
9.57129517564303 6.402423841673805 0.9269702719689753 0.2841314248498827 0.11184795226298078 0.11 || 1 || 41
6.175899044535884 5.238356887871115 0.740970184871646 0.22340867782702103 0.14316618164194303 0.11 || 1 || 43
6.175899044535884 5.238356887871115 0.740970184871646 0.22340867782702103 0.14316618164194303 0.11 || 1 || 45
2.3410604213250195 1.6350990088461899 0.6500903697176494 0.2118734634793305 0.14802076370840642 0.11 || 1 || 46
2.3410604213250195 1.6350990088461899 0.6500903697176494 0.2118734634793305 0.14802076370840642 0.11 || 1 || 48
4.520217063958609 1.8770348861037673 0.8324518952442973 0.2359321762288217 0.15615379266456816 0.11 || 1 || 50
4.520217063958609 1.8770348861037673 0.8324518952442973 0.2359321762288217 0.15615379266456816 0.11 || 1 || 52
4.520217063958609 1.8770348861037673 0.8324518952442973 0.2359321762288217 0.15615379266456816 0.11 || 1 || 54
7.302995110939465 3.7688415839630043 0.5950270632160035 0.2754522171348802 0.1533339680615559 0.11 || 1 || 55
7.302995110939465 3.7688415839630043 0.5950270632160035 0.2754522171348802 0.1533339680615559 0.11 || 1 || 57
2.106767913438723 3.1933125564756333 0.3982999910364152 0.2424123341612359 0.1002305852817837 0.11 || 1 || 59
2.106767913438723 3.1933125564756333 0.3982999910364152 0.2424123341612359 0.1002305852817837 0.11 || 1 || 61
2.106767913438723 3.1933125564756333 0.3982999910364152 0.2424123341612359 0.1002305852817837 0.11 || 1 || 63
1.7915268335185819 1.9344981963351477 0.371022003127629 0.15690835532757855 0.06998461308184256 0.11 || 1 || 64
1.7915268335185819 1.9344981963351477 0.371022003127629 0.15690835532757855 0.06998461308184256 0.11 || 1 || 66
4.026008700545078 0.8747082324426207 0.24193676246293416 0.3772237530091204 0.10838421633416491 0.11 || 1 || 68
4.026008700545078 0.8747082324426207 0.24193676246293416 0.3772237530091204 0.10838421633416491 0.11 || 1 || 70
4.026008700545078 0.8747082324426207 0.24193676246293416 0.3772237530091204 0.10838421633416491 0.11 || 1 || 72
6.238875582156323 1.4188960774262163 0.40330268125196145 0.33237107535092114 0.1292771277262081 0.11 || 1 || 73
6.238875582156323 1.4188960774262163 0.40330268125196145 0.33237107535092114 0.1292771277262081 0.11 || 1 || 75
3.1680476480360085 1.9472198689195785 0.5039804089487984 0.24559697237814163 0.13604559733763733 0.11 || 1 || 77
3.1680476480360085 1.9472198689195785 0.5039804089487984 0.24559697237814163 0.13604559733763733 0.11 || 1 || 79
3.1680476480360085 1.9472198689195785 0.5039804089487984 0.24559697237814163 0.13604559733763733 0.11 || 1 || 81
2.884896919059096 1.5940536501683766 1.1897652766551292 0.290591635880235 0.08789056752903658 0.11 || 1 || 83
2.884896919059096 1.5940536501683766 1.1897652766551292 0.290591635880235 0.08789056752903658 0.11 || 1 || 84
3.295804258904439 2.0541089195066595 1.036254179399145 0.2683857674030843 0.09687884011572741 0.11 || 1 || 86
3.295804258904439 2.0541089195066595 1.036254179399145 0.2683857674030843 0.09687884011572741 0.11 || 1 || 88
3.295804258904439 2.0541089195066595 1.036254179399145 0.2683857674030843 0.09687884011572741 0.11 || 1 || 90
2.1289714832201905 2.150123623657222 0.4079153723527893 0.2776756419750039 0.1007086350161525 0.11 || 1 || 91
2.1289714832201905 2.150123623657222 0.4079153723527893 0.2776756419750039 0.1007086350161525 0.11 || 1 || 93
3.3280194393623557 1.394762763037189 0.3054007245856824 0.17028534714640334 0.10242143164718258 0.11 || 1 || 95
3.3280194393623557 1.394762763037189 0.3054007245856824 0.17028534714640334 0.10242143164718258 0.11 || 1 || 97
3.3280194393623557 1.394762763037189 0.3054007245856824 0.17028534714640334 0.10242143164718258 0.11 || 1 || 99
3.8321748095296613 1.9073722078434194 0.5387237028344146 0.15312298520465292 0.10481873412270616 0.11 || 1 || 100
3.8321748095296613 1.9073722078434194 0.5387237028344146 0.15312298520465292 0.10481873412270616 0.11 || 1 || 102
3.8321748095296613 1.9073722078434194 0.5387237028344146 0.15312298520465292 0.10481873412270616 0.11 || 1 || 104
6.161431705175498 2.2432529756831503 0.9978843426904125 0.1693126268863851 0.09935458992521698 0.11 || 1 || 106
6.161431705175498 2.2432529756831503 0.9978843426904125 0.1693126268863851 0.09935458992521698 0.11 || 1 || 108
5.970830829550797 2.1827981544356883 0.45172890044298636 0.15990044090098904 0.1205167216075054 0.11 || 1 || 109
5.970830829550797 2.1827981544356883 0.45172890044298636 0.15990044090098904 0.1205167216075054 0.11 || 1 || 111
1.7805170528585461 1.4003926661834123 0.4682831042637342 0.13139128951281032 0.11139316104820543 0.11 || 1 || 113
1.7805170528585461 1.4003926661834123 0.4682831042637342 0.13139128951281032 0.11139316104820543 0.11 || 1 || 115
1.7805170528585461 1.4003926661834123 0.4682831042637342 0.13139128951281032 0.11139316104820543 0.11 || 1 || 117
0.9256860664059828 0.8984725250039891 0.6249769427805048 0.18955723717537507 0.09643794047152975 0.11 || 1 || 118
0.9256860664059828 0.8984725250039891 0.6249769427805048 0.18955723717537507 0.09643794047152975 0.11 || 1 || 120
0.9256860664059828 0.8984725250039891 0.6249769427805048 0.18955723717537507 0.09643794047152975 0.11 || 1 || 122
2.5445181184487096 0.48252479846786656 0.4584429804692397 0.2184681915185785 0.11671160544072548 0.11 || 1 || 124
2.5445181184487096 0.48252479846786656 0.4584429804692397 0.2184681915185785 0.11671160544072548 0.11 || 1 || 126
2.8092409219569174 0.36465568184491803 0.3767739130611145 0.2989169323449734 0.1418836840899632 0.11 || 1 || 128
2.8092409219569174 0.36465568184491803 0.3767739130611145 0.2989169323449734 0.1418836840899632 0.11 || 1 || 129
2.2882381976708674 0.5692232428093674 0.6090036334019271 0.2896099665215864 0.1032811807659924 0.11 || 1 || 131
2.2882381976708674 0.5692232428093674 0.6090036334019271 0.2896099665215864 0.1032811807659924 0.11 || 1 || 133
2.2882381976708674 0.5692232428093674 0.6090036334019271 0.2896099665215864 0.1032811807659924 0.11 || 1 || 135
2.7054500676671234 1.0547507022139897 0.5737490396218252 0.17194113761270302 0.10075640783012095 0.11 || 1 || 137
2.7054500676671234 1.0547507022139897 0.5737490396218252 0.17194113761270302 0.10075640783012095 0.11 || 1 || 138
2.6148679348630477 1.4981526611268128 0.3730352578384264 0.24473073929112338 0.11775339115532048 0.11 || 1 || 140
2.6148679348630477 1.4981526611268128 0.3730352578384264 0.24473073929112338 0.11775339115532048 0.11 || 1 || 142
2.6148679348630477 1.4981526611268128 0.3730352578384264 0.24473073929112338 0.11775339115532048 0.11 || 1 || 144
8.914138298886934 3.543698121069022 0.8796277429937784 0.5679861008331533 0.11263201579893446 0.11 || 1 || 146
8.914138298886934 3.543698121069022 0.8796277429937784 0.5679861008331533 0.11263201579893446 0.11 || 1 || 147
8.914138298886934 3.543698121069022 0.8796277429937784 0.5679861008331533 0.11263201579893446 0.11 || 1 || 149
17.554837944359324 4.291483523177679 1.6825859223402588 0.9236774880148654 0.15684315443425503 0.11 || 1 || 151
17.554837944359324 4.291483523177679 1.6825859223402588 0.9236774880148654 0.15684315443425503 0.11 || 1 || 153
8.539845051626838 1.8045911203886884 0.3711227314669238 0.34122868565086517 0.09644771111100438 0.11 || 1 || 155
8.539845051626838 1.8045911203886884 0.3711227314669238 0.34122868565086517 0.09644771111100438 0.11 || 1 || 156
4.668785645465508 2.375950030519794 0.28180304672070366 0.19429330092075628 0.11049795354530252 0.11 || 1 || 158
4.668785645465508 2.375950030519794 0.28180304672070366 0.19429330092075628 0.11049795354530252 0.11 || 1 || 160
4.668785645465508 2.375950030519794 0.28180304672070366 0.19429330092075628 0.11049795354530252 0.11 || 1 || 162
5.164524019877606 2.148331522040393 0.5396063010368958 0.1779322972720527 0.12411197907359009 0.11 || 1 || 164
5.164524019877606 2.148331522040393 0.5396063010368958 0.1779322972720527 0.12411197907359009 0.11 || 1 || 165
3.008679409054188 1.355521849972988 0.36507700219640765 0.21451648810126756 0.11213271086379582 0.11 || 1 || 167
3.008679409054188 1.355521849972988 0.36507700219640765 0.21451648810126756 0.11213271086379582 0.11 || 1 || 169
3.008679409054188 1.355521849972988 0.36507700219640765 0.21451648810126756 0.11213271086379582 0.11 || 1 || 171
2.4153300967352873 1.8312052777739665 0.15685424490476885 0.28226899537109806 0.09783748686745203 0.11 || 1 || 173
2.4153300967352873 1.8312052777739665 0.15685424490476885 0.28226899537109806 0.09783748686745203 0.11 || 1 || 174
2.4153300967352873 1.8312052777739665 0.15685424490476885 0.28226899537109806 0.09783748686745203 0.11 || 1 || 176
3.377165969427799 1.600919960775327 0.2227651770057979 0.1376441851503896 0.1423958502095611 0.11 || 1 || 178
3.377165969427799 1.600919960775327 0.2227651770057979 0.1376441851503896 0.1423958502095611 0.11 || 1 || 180
2.78022015777428 1.058836287120829 0.3214808132352014 0.10742022090420059 0.14877586867367673 0.11 || 1 || 182
2.78022015777428 1.058836287120829 0.3214808132352014 0.10742022090420059 0.14877586867367673 0.11 || 1 || 183
5.758648176842502 0.5963790937465252 0.36123986830217386 0.1538922329968558 0.14773885268184417 0.11 || 1 || 185
5.758648176842502 0.5963790937465252 0.36123986830217386 0.1538922329968558 0.14773885268184417 0.11 || 1 || 187
5.758648176842502 0.5963790937465252 0.36123986830217386 0.1538922329968558 0.14773885268184417 0.11 || 1 || 189
2.9537279574852047 0.8356490409574928 0.3385475948425723 0.20678419267386727 0.13678198748888626 0.11 || 1 || 191
2.9537279574852047 0.8356490409574928 0.3385475948425723 0.20678419267386727 0.13678198748888626 0.11 || 1 || 192
0.6688159755525735 1.1635795144457153 0.49649374026993726 0.3423951479550926 0.09866502217766139 0.11 || 1 || 194
0.6688159755525735 1.1635795144457153 0.49649374026993726 0.3423951479550926 0.09866502217766139 0.11 || 1 || 196
0.6688159755525735 1.1635795144457153 0.49649374026993726 0.3423951479550926 0.09866502217766139 0.11 || 1 || 198
2.3725316866534905 1.0434449028891672 0.3724697062859577 0.3118690083649145 0.15792367937704846 0.11 || 1 || 200
2.3725316866534905 1.0434449028891672 0.3724697062859577 0.3118690083649145 0.15792367937704846 0.11 || 1 || 201
5.194724300716337 0.47072725800835147 0.32917132128505644 0.37361268503575246 0.15674518490896444 0.11 || 1 || 203
5.194724300716337 0.47072725800835147 0.32917132128505644 0.37361268503575246 0.15674518490896444 0.11 || 1 || 205
5.194724300716337 0.47072725800835147 0.32917132128505644 0.37361268503575246 0.15674518490896444 0.11 || 1 || 207
2.7459933970219748 0.594988916942281 0.3234986431333479 0.28354130465925564 0.09740483447860786 0.11 || 1 || 209
2.7459933970219748 0.594988916942281 0.3234986431333479 0.28354130465925564 0.09740483447860786 0.11 || 1 || 210
2.1479159874668503 1.5544417803698403 0.2480654555894001 0.21420671516616496 0.1098056851687724 0.11 || 1 || 212
2.1479159874668503 1.5544417803698403 0.2480654555894001 0.21420671516616496 0.1098056851687724 0.11 || 1 || 214
2.1479159874668503 1.5544417803698403 0.2480654555894001 0.21420671516616496 0.1098056851687724 0.11 || 1 || 216
1.1772116647992874 2.1802365816549485 0.27410852007521874 0.2509192941314558 0.12040588734789505 0.11 || 1 || 218
1.1772116647992874 2.1802365816549485 0.27410852007521874 0.2509192941314558 0.12040588734789505 0.11 || 1 || 219
1.8425725734611222 1.760942179127251 0.7886867092864457 0.37053725509780533 0.0984377840535058 0.11 || 1 || 221
1.8425725734611222 1.760942179127251 0.7886867092864457 0.37053725509780533 0.0984377840535058 0.11 || 1 || 223
1.8425725734611222 1.760942179127251 0.7886867092864457 0.37053725509780533 0.0984377840535058 0.11 || 1 || 225
2.8402601145740274 2.684418726209911 0.8301274835934714 0.40140628535811584 0.09374185182077273 0.11 || 1 || 227
2.8402601145740274 2.684418726209911 0.8301274835934714 0.40140628535811584 0.09374185182077273 0.11 || 1 || 228
4.259822299396646 3.086995140131762 0.41078007747421214 0.226515637227393 0.122897160078219 0.11 || 1 || 230
4.259822299396646 3.086995140131762 0.41078007747421214 0.226515637227393 0.122897160078219 0.11 || 1 || 232
4.259822299396646 3.086995140131762 0.41078007747421214 0.226515637227393 0.122897160078219 0.11 || 1 || 234
3.562876252885168 1.5088657458080639 0.5260068416540142 0.2865237768785793 0.10782914807857863 0.11 || 1 || 236
3.562876252885168 1.5088657458080639 0.5260068416540142 0.2865237768785793 0.10782914807857863 0.11 || 1 || 237
3.562876252885168 1.5088657458080639 0.5260068416540142 0.2865237768785793 0.10782914807857863 0.11 || 1 || 239
2.5812896385547774 1.0769186166332443 0.4141355277360305 0.1888126011659246 0.10469619481445719 0.11 || 1 || 241
2.5812896385547774 1.0769186166332443 0.4141355277360305 0.1888126011659246 0.10469619481445719 0.11 || 1 || 243
2.9234589172133245 1.807444983626196 0.3636498250450849 0.21748663010615282 0.14539873653936888 0.11 || 1 || 245
2.9234589172133245 1.807444983626196 0.3636498250450849 0.21748663010615282 0.14539873653936888 0.11 || 1 || 246
2.595214462145361 1.9284951485064437 0.22251217389479092 0.24607232977273613 0.13147238591440347 0.11 || 1 || 248
2.595214462145361 1.9284951485064437 0.22251217389479092 0.24607232977273613 0.13147238591440347 0.11 || 1 || 250
2.595214462145361 1.9284951485064437 0.22251217389479092 0.24607232977273613 0.13147238591440347 0.11 || 1 || 252
1.5633065464310691 1.1064177900779089 0.37296380718701844 0.2541519204646601 0.12187853668570583 0.11 || 1 || 254
1.5633065464310691 1.1064177900779089 0.37296380718701844 0.2541519204646601 0.12187853668570583 0.11 || 1 || 255
2.5072742631082465 1.6039969358692838 0.6915419847796834 0.30164931426427405 0.1228352427156856 0.11 || 1 || 257
2.5072742631082465 1.6039969358692838 0.6915419847796834 0.30164931426427405 0.1228352427156856 0.11 || 1 || 259
2.5072742631082465 1.6039969358692838 0.6915419847796834 0.30164931426427405 0.1228352427156856 0.11 || 1 || 261
3.5618168284886593 1.2070729609603388 0.5066451356630131 0.2786186837861315 0.117775214971731 0.11 || 1 || 263
3.5618168284886593 1.2070729609603388 0.5066451356630131 0.2786186837861315 0.117775214971731 0.11 || 1 || 264
2.179719304105904 0.8640118769410926 0.4196325031990907 0.23321754432290523 0.09279929752520683 0.11 || 1 || 266
2.179719304105904 0.8640118769410926 0.4196325031990907 0.23321754432290523 0.09279929752520683 0.11 || 1 || 268
2.179719304105904 0.8640118769410926 0.4196325031990907 0.23321754432290523 0.09279929752520683 0.11 || 1 || 270
2.0637561606109744 2.075770673636113 0.3813741167181743 0.15927075193444837 0.07445639398126956 0.11 || 1 || 272
2.0637561606109744 2.075770673636113 0.3813741167181743 0.15927075193444837 0.07445639398126956 0.11 || 1 || 273
1.819155560949979 1.3369458215697525 0.4704147405814909 0.17768354093181526 0.08314169818486304 0.11 || 1 || 275
1.819155560949979 1.3369458215697525 0.4704147405814909 0.17768354093181526 0.08314169818486304 0.11 || 1 || 277
1.819155560949979 1.3369458215697525 0.4704147405814909 0.17768354093181526 0.08314169818486304 0.11 || 1 || 279
1.2066131918948748 0.8320034885622726 0.44478701499914486 0.26857334446359127 0.08764404611224183 0.11 || 1 || 281
1.2066131918948748 0.8320034885622726 0.44478701499914486 0.26857334446359127 0.08764404611224183 0.11 || 1 || 282
1.2786718373495325 0.9182160232782375 0.3628922508480607 0.37386034922218814 0.11311303729491738 0.11 || 1 || 284
1.2786718373495325 0.9182160232782375 0.3628922508480607 0.37386034922218814 0.11311303729491738 0.11 || 1 || 286
1.2786718373495325 0.9182160232782375 0.3628922508480607 0.37386034922218814 0.11311303729491738 0.11 || 1 || 288
1.7421543175712768 0.5435640759380687 0.36552997163645906 0.17756383638110132 0.12897233172250205 0.11 || 1 || 290
1.7421543175712768 0.5435640759380687 0.36552997163645906 0.17756383638110132 0.12897233172250205 0.11 || 1 || 292
2.447868264218808 0.45073773851754606 0.14828987148609374 0.32253284230274776 0.16589472145816778 0.11 || 1 || 293
2.447868264218808 0.45073773851754606 0.14828987148609374 0.32253284230274776 0.16589472145816778 0.11 || 1 || 295
2.447868264218808 0.45073773851754606 0.14828987148609374 0.32253284230274776 0.16589472145816778 0.11 || 1 || 297
1.8841992726482242 0.5043923364369743 0.2636446658472463 0.4134199815774581 0.1461912916768721 0.11 || 1 || 299
1.8841992726482242 0.5043923364369743 0.2636446658472463 0.4134199815774581 0.1461912916768721 0.11 || 1 || 301
1.449144862042316 0.7822472463485151 0.49670854227452366 0.35101633619203615 0.15351205934353232 0.11 || 1 || 302
1.449144862042316 0.7822472463485151 0.49670854227452366 0.35101633619203615 0.15351205934353232 0.11 || 1 || 304
1.449144862042316 0.7822472463485151 0.49670854227452366 0.35101633619203615 0.15351205934353232 0.11 || 1 || 306
2.3043497938920456 1.7200968465402382 0.5478288446756651 0.21108065498015974 0.14194156226507434 0.11 || 1 || 308
2.3043497938920456 1.7200968465402382 0.5478288446756651 0.21108065498015974 0.14194156226507434 0.11 || 1 || 310
1.6068813085397808 1.421072702030341 1.0038598100878904 0.22614798878140596 0.14976494282508224 0.11 || 1 || 311
1.6068813085397808 1.421072702030341 1.0038598100878904 0.22614798878140596 0.14976494282508224 0.11 || 1 || 313
1.6068813085397808 1.421072702030341 1.0038598100878904 0.22614798878140596 0.14976494282508224 0.11 || 1 || 315
1.5393072550545597 1.0561712139736121 0.6551405073494638 0.17945953214532073 0.07061941807315233 0.11 || 1 || 317
1.5393072550545597 1.0561712139736121 0.6551405073494638 0.17945953214532073 0.07061941807315233 0.11 || 1 || 319
1.6127284125098682 1.1323892804710038 0.21873360750124574 0.09515363202685652 0.06770060917158441 0.11 || 1 || 320
1.6127284125098682 1.1323892804710038 0.21873360750124574 0.09515363202685652 0.06770060917158441 0.11 || 1 || 322
1.6127284125098682 1.1323892804710038 0.21873360750124574 0.09515363202685652 0.06770060917158441 0.11 || 1 || 324
5.744076304242406 1.4010752795118038 0.16933382476062725 0.14669939225385145 0.08134409918389024 0.11 || 1 || 326
5.744076304242406 1.4010752795118038 0.16933382476062725 0.14669939225385145 0.08134409918389024 0.11 || 1 || 328
10.34558380473221 2.968800482958268 0.21842801844008433 0.33747031672657934 0.15274925480494858 0.11 || 1 || 329
10.34558380473221 2.968800482958268 0.21842801844008433 0.33747031672657934 0.15274925480494858 0.11 || 1 || 331
10.34558380473221 2.968800482958268 0.21842801844008433 0.33747031672657934 0.15274925480494858 0.11 || 1 || 333
13.29404796619029 1.665167289737716 0.4681590440960622 0.5056901289586884 0.18405696322031254 0.11 || 1 || 335
13.29404796619029 1.665167289737716 0.4681590440960622 0.5056901289586884 0.18405696322031254 0.11 || 1 || 337
5.22358984780363 1.9838017978348104 1.6550079697724012 0.5052041745739443 0.164381125831702 0.11 || 1 || 338
5.22358984780363 1.9838017978348104 1.6550079697724012 0.5052041745739443 0.164381125831702 0.11 || 1 || 340
5.22358984780363 1.9838017978348104 1.6550079697724012 0.5052041745739443 0.164381125831702 0.11 || 1 || 342
5.142730552777158 2.6782804120607704 1.9420381214335203 0.35479031619718904 0.12672457407983145 0.11 || 1 || 344
5.142730552777158 2.6782804120607704 1.9420381214335203 0.35479031619718904 0.12672457407983145 0.11 || 1 || 346
5.809750675049312 0.9983695915729961 0.5393956957572912 0.20471205376481463 0.17777216703290505 0.11 || 1 || 347
5.809750675049312 0.9983695915729961 0.5393956957572912 0.20471205376481463 0.17777216703290505 0.11 || 1 || 349
5.809750675049312 0.9983695915729961 0.5393956957572912 0.20471205376481463 0.17777216703290505 0.11 || 1 || 351
3.551442936198288 0.45031061766843944 0.47342895411907876 0.17790358339585366 0.15856160666419625 0.11 || 1 || 353
3.551442936198288 0.45031061766843944 0.47342895411907876 0.17790358339585366 0.15856160666419625 0.11 || 1 || 355
1.2008017213379314 0.41190617110543254 0.41953794616766626 0.1889062176263812 0.16187128177272214 0.11 || 1 || 356
1.2008017213379314 0.41190617110543254 0.41953794616766626 0.1889062176263812 0.16187128177272214 0.11 || 1 || 358
1.2008017213379314 0.41190617110543254 0.41953794616766626 0.1889062176263812 0.16187128177272214 0.11 || 1 || 360
0.878855235859736 0.6341513920220391 0.4991385575510779 0.24680972684514016 0.14034596105257957 0.11 || 1 || 362
0.878855235859736 0.6341513920220391 0.4991385575510779 0.24680972684514016 0.14034596105257957 0.11 || 1 || 364
3.7935922412383016 0.8297430913738233 0.4243492952517527 0.1804232792582019 0.09456910985488047 0.11 || 1 || 365
3.7935922412383016 0.8297430913738233 0.4243492952517527 0.1804232792582019 0.09456910985488047 0.11 || 1 || 367
3.7935922412383016 0.8297430913738233 0.4243492952517527 0.1804232792582019 0.09456910985488047 0.11 || 1 || 369
7.7311928976867215 0.5913318654853974 0.4761076928105823 0.19940614112074223 0.09477674702964674 0.11 || 1 || 371
7.7311928976867215 0.5913318654853974 0.4761076928105823 0.19940614112074223 0.09477674702964674 0.11 || 1 || 373
5.198737641617643 0.7445117743718157 0.8381390499900836 0.3795037673501147 0.16594992423339913 0.11 || 1 || 374
5.198737641617643 0.7445117743718157 0.8381390499900836 0.3795037673501147 0.16594992423339913 0.11 || 1 || 376
5.198737641617643 0.7445117743718157 0.8381390499900836 0.3795037673501147 0.16594992423339913 0.11 || 1 || 378
4.131498890508597 0.9661800110587008 0.7360390624913287 0.3990317229764153 0.1690824256371246 0.11 || 1 || 380
4.131498890508597 0.9661800110587008 0.7360390624913287 0.3990317229764153 0.1690824256371246 0.11 || 1 || 382
0.8206512488126673 0.6353332275172447 0.41177922845596865 0.25561965919931157 0.11336105234117218 0.11 || 1 || 383
0.8206512488126673 0.6353332275172447 0.41177922845596865 0.25561965919931157 0.11336105234117218 0.11 || 1 || 385
0.8206512488126673 0.6353332275172447 0.41177922845596865 0.25561965919931157 0.11336105234117218 0.11 || 1 || 387
2.474399188048869 0.4790180496308937 0.24140045984196046 0.4238312448033777 0.10837426293633982 0.11 || 1 || 389
2.474399188048869 0.4790180496308937 0.24140045984196046 0.4238312448033777 0.10837426293633982 0.11 || 1 || 391
2.8660038007815576 0.42887483262832105 0.2527444959658292 0.4767898814954421 0.08351274903341946 0.11 || 1 || 392
2.8660038007815576 0.42887483262832105 0.2527444959658292 0.4767898814954421 0.08351274903341946 0.11 || 1 || 394
2.8660038007815576 0.42887483262832105 0.2527444959658292 0.4767898814954421 0.08351274903341946 0.11 || 1 || 396
1.8256789957592323 0.6549560474156695 0.37952507187439893 0.37841108685036706 0.08291517196044114 0.11 || 1 || 398
1.8256789957592323 0.6549560474156695 0.37952507187439893 0.37841108685036706 0.08291517196044114 0.11 || 1 || 400
2.673279817186861 1.7381633301102752 0.4534221610786544 0.149308136967385 0.1193596800946024 0.11 || 1 || 401
2.673279817186861 1.7381633301102752 0.4534221610786544 0.149308136967385 0.1193596800946024 0.11 || 1 || 403
2.673279817186861 1.7381633301102752 0.4534221610786544 0.149308136967385 0.1193596800946024 0.11 || 1 || 405
1.9374027299708254 2.0974052395770126 0.4107649319989009 0.15048558588858513 0.11838651017324565 0.11 || 1 || 407
1.9374027299708254 2.0974052395770126 0.4107649319989009 0.15048558588858513 0.11838651017324565 0.11 || 1 || 409
1.3760429873878612 1.213760502322323 0.28079609922478227 0.15939167337451243 0.11948401562530975 0.11 || 1 || 410
1.3760429873878612 1.213760502322323 0.28079609922478227 0.15939167337451243 0.11948401562530975 0.11 || 1 || 412
1.3760429873878612 1.213760502322323 0.28079609922478227 0.15939167337451243 0.11948401562530975 0.11 || 1 || 414
3.1388930024639583 1.6071211352275911 0.32547039814650564 0.1321270458819217 0.14581802458221277 0.11 || 1 || 416
3.1388930024639583 1.6071211352275911 0.32547039814650564 0.1321270458819217 0.14581802458221277 0.11 || 1 || 418
3.2067580086234675 1.1775791103077955 0.5926706830741332 0.18028330733318365 0.14349858074344157 0.11 || 1 || 419
3.2067580086234675 1.1775791103077955 0.5926706830741332 0.18028330733318365 0.14349858074344157 0.11 || 1 || 421
3.2067580086234675 1.1775791103077955 0.5926706830741332 0.18028330733318365 0.14349858074344157 0.11 || 1 || 423
2.0617776019226426 0.4594654736579252 0.5565475479247314 0.32443748789940896 0.11666045456451164 0.11 || 1 || 425
2.0617776019226426 0.4594654736579252 0.5565475479247314 0.32443748789940896 0.11666045456451164 0.11 || 1 || 427
2.9892408643685418 0.7977900236767168 0.46956399275619337 0.3425333181797539 0.09170242299276408 0.11 || 1 || 428
2.9892408643685418 0.7977900236767168 0.46956399275619337 0.3425333181797539 0.09170242299276408 0.11 || 1 || 430
2.9892408643685418 0.7977900236767168 0.46956399275619337 0.3425333181797539 0.09170242299276408 0.11 || 1 || 432
1.542619027594527 1.4451749523577226 0.16935375950017104 0.33880930997088415 0.08651107325647968 0.11 || 1 || 434
1.542619027594527 1.4451749523577226 0.16935375950017104 0.33880930997088415 0.08651107325647968 0.11 || 1 || 436
1.6498302180740316 1.2132778843266112 0.6552469944575405 0.30992111036963677 0.162867166490044 0.11 || 1 || 437
1.6498302180740316 1.2132778843266112 0.6552469944575405 0.30992111036963677 0.162867166490044 0.11 || 1 || 439
1.6498302180740316 1.2132778843266112 0.6552469944575405 0.30992111036963677 0.162867166490044 0.11 || 1 || 441
2.008669600728163 0.7308054521964212 1.1177330802399077 0.24139212420322842 0.1428612355903365 0.11 || 1 || 443
2.008669600728163 0.7308054521964212 1.1177330802399077 0.24139212420322842 0.1428612355903365 0.11 || 1 || 445
1.1478016482798998 0.5548079553567559 0.4695756343767449 0.19088678299278283 0.12650819454000128 0.11 || 1 || 446
1.1478016482798998 0.5548079553567559 0.4695756343767449 0.19088678299278283 0.12650819454000128 0.11 || 1 || 448
1.1478016482798998 0.5548079553567559 0.4695756343767449 0.19088678299278283 0.12650819454000128 0.11 || 1 || 450
0.9027628053522696 0.71030752023606 0.4471981256636133 0.3097193220075884 0.14929385343147666 0.11 || 1 || 452
0.9027628053522696 0.71030752023606 0.4471981256636133 0.3097193220075884 0.14929385343147666 0.11 || 1 || 454
1.4299801346637535 0.7310454857210628 0.5308379916659511 0.3062779274282594 0.126458428684872 0.11 || 1 || 455
1.4299801346637535 0.7310454857210628 0.5308379916659511 0.3062779274282594 0.126458428684872 0.11 || 1 || 457
1.4299801346637535 0.7310454857210628 0.5308379916659511 0.3062779274282594 0.126458428684872 0.11 || 1 || 459
2.4865972852043545 0.7521163985682615 0.20545740029074036 0.1386929775318337 0.17273124663104106 0.11 || 1 || 461
2.4865972852043545 0.7521163985682615 0.20545740029074036 0.1386929775318337 0.17273124663104106 0.11 || 1 || 463
2.6666208069713218 1.1133070777179352 0.36502019433662963 0.08360342368015769 0.1624595723380603 0.11 || 1 || 464
2.6666208069713218 1.1133070777179352 0.36502019433662963 0.08360342368015769 0.1624595723380603 0.11 || 1 || 466
2.6666208069713218 1.1133070777179352 0.36502019433662963 0.08360342368015769 0.1624595723380603 0.11 || 1 || 468
1.6905108508801625 0.8352091463855901 0.44806790193193563 0.08108009757904515 0.12348583967410154 0.11 || 1 || 470
1.6905108508801625 0.8352091463855901 0.44806790193193563 0.08108009757904515 0.12348583967410154 0.11 || 1 || 472
1.9328705313383732 1.1418445514960132 0.4318667852299983 0.15083382439658283 0.15008000645289 0.11 || 1 || 473
1.9328705313383732 1.1418445514960132 0.4318667852299983 0.15083382439658283 0.15008000645289 0.11 || 1 || 475
1.9328705313383732 1.1418445514960132 0.4318667852299983 0.15083382439658283 0.15008000645289 0.11 || 1 || 477
1.3458839611283004 1.3422406957488786 0.4256491852555987 0.1876462018584059 0.17361339315549187 0.11 || 1 || 479
1.3458839611283004 1.3422406957488786 0.4256491852555987 0.1876462018584059 0.17361339315549187 0.11 || 1 || 481
1.1107299101959003 1.1921615601991935 0.5192669364822141 0.23817988398929993 0.15450295138431286 0.11 || 1 || 482
1.1107299101959003 1.1921615601991935 0.5192669364822141 0.23817988398929993 0.15450295138431286 0.11 || 1 || 484
1.1107299101959003 1.1921615601991935 0.5192669364822141 0.23817988398929993 0.15450295138431286 0.11 || 1 || 486
1.1642353193201804 1.244885752205225 0.8969716440328364 0.3556520173105311 0.18320299234026294 0.11 || 1 || 488
1.1642353193201804 1.244885752205225 0.8969716440328364 0.3556520173105311 0.18320299234026294 0.11 || 1 || 490
1.2178917330264716 0.9883578308685304 0.7480857846734502 0.2717508630690109 0.15669304445840682 0.11 || 1 || 491
1.2178917330264716 0.9883578308685304 0.7480857846734502 0.2717508630690109 0.15669304445840682 0.11 || 1 || 493
1.2178917330264716 0.9883578308685304 0.7480857846734502 0.2717508630690109 0.15669304445840682 0.11 || 1 || 495
0.9854424787692153 0.8826722422794129 0.5274398250156895 0.2036674238664399 0.13110579256555763 0.11 || 1 || 497
0.9854424787692153 0.8826722422794129 0.5274398250156895 0.2036674238664399 0.13110579256555763 0.11 || 1 || 499
1.3012946804081738 1.3307215441929918 0.23035010113085747 0.2627009679462913 0.09815097699951289 0.11 || 1 || 500
1.3012946804081738 1.3307215441929918 0.23035010113085747 0.2627009679462913 0.09815097699951289 0.11 || 1 || 502
1.3012946804081738 1.3307215441929918 0.23035010113085747 0.2627009679462913 0.09815097699951289 0.11 || 1 || 504
1.515176233602411 1.633947467721418 0.2615828510871839 0.2019295156950215 0.10779955146835224 0.11 || 1 || 506
1.515176233602411 1.633947467721418 0.2615828510871839 0.2019295156950215 0.10779955146835224 0.11 || 1 || 508
1.9820534813443074 1.199706028207718 0.40860801666426005 0.19395646325611104 0.14944047965692486 0.11 || 1 || 509
1.9820534813443074 1.199706028207718 0.40860801666426005 0.19395646325611104 0.14944047965692486 0.11 || 1 || 511
1.9820534813443074 1.199706028207718 0.40860801666426005 0.19395646325611104 0.14944047965692486 0.11 || 1 || 513
2.478219109278915 0.5665327757609218 0.3038062705935205 0.2055701767893548 0.12102055228586243 0.11 || 0 || 515
2.478219109278915 0.5665327757609218 0.3038062705935205 0.2055701767893548 0.12102055228586243 0.11 || 0 || 517
3.619379135278926 0.8677567236944034 0.24776714134256408 0.1899182408492699 0.10772670195483815 0.11 || 0 || 518
3.619379135278926 0.8677567236944034 0.24776714134256408 0.1899182408492699 0.10772670195483815 0.11 || 0 || 520
3.619379135278926 0.8677567236944034 0.24776714134256408 0.1899182408492699 0.10772670195483815 0.11 || 0 || 522
2.7196445556432427 0.6655675802549174 0.2888662901457612 0.1654431840797553 0.17855375206290858 0.11 || 0 || 524
2.7196445556432427 0.6655675802549174 0.2888662901457612 0.1654431840797553 0.17855375206290858 0.11 || 0 || 526
1.5555591999009035 0.8431084787862599 0.433138797514401 0.17337642247301616 0.1650196605894098 0.11 || 0 || 527
1.5555591999009035 0.8431084787862599 0.433138797514401 0.17337642247301616 0.1650196605894098 0.11 || 0 || 529
1.5555591999009035 0.8431084787862599 0.433138797514401 0.17337642247301616 0.1650196605894098 0.11 || 0 || 531
1.6208918970013813 1.1313186217440632 1.0137158358522038 0.24961108569306087 0.1354930879089117 0.11 || 0 || 533
1.6208918970013813 1.1313186217440632 1.0137158358522038 0.24961108569306087 0.1354930879089117 0.11 || 0 || 535
2.5995500590229224 0.9774361971677058 1.0564411593275156 0.24044792295184697 0.1428715707779652 0.11 || 0 || 537
2.5995500590229224 0.9774361971677058 1.0564411593275156 0.24044792295184697 0.1428715707779652 0.11 || 0 || 538
2.5995500590229224 0.9774361971677058 1.0564411593275156 0.24044792295184697 0.1428715707779652 0.11 || 0 || 540
9.546907180166853 1.2068248905090424 0.5004105052821939 0.16970663248478104 0.14228856254816508 0.11 || 0 || 542
9.546907180166853 1.2068248905090424 0.5004105052821939 0.16970663248478104 0.14228856254816508 0.11 || 0 || 544
4.876699267232841 0.7123642389389291 0.3632296198931383 0.18968929752471653 0.09164468925827178 0.11 || 0 || 546
4.876699267232841 0.7123642389389291 0.3632296198931383 0.18968929752471653 0.09164468925827178 0.11 || 0 || 547
4.876699267232841 0.7123642389389291 0.3632296198931383 0.18968929752471653 0.09164468925827178 0.11 || 0 || 549
2.679884876841772 0.48764806303376357 0.25972190211533763 0.2937626651664585 0.10560166007766285 0.11 || 0 || 551
2.679884876841772 0.48764806303376357 0.25972190211533763 0.2937626651664585 0.10560166007766285 0.11 || 0 || 553
1.998586797943646 0.4958664392606083 0.2225155039635927 0.37263474887009146 0.11563640853948133 0.11 || 0 || 555
1.998586797943646 0.4958664392606083 0.2225155039635927 0.37263474887009146 0.11563640853948133 0.11 || 0 || 556
1.998586797943646 0.4958664392606083 0.2225155039635927 0.37263474887009146 0.11563640853948133 0.11 || 0 || 558
3.6493406626799083 1.0001147136800865 0.14972531164658756 0.23145328186756492 0.11094512680643172 0.11 || 0 || 560
3.6493406626799083 1.0001147136800865 0.14972531164658756 0.23145328186756492 0.11094512680643172 0.11 || 0 || 562
5.330129707009257 1.7986813680871434 0.3107027075132796 0.14586259001848595 0.11222381677079085 0.11 || 0 || 564
5.330129707009257 1.7986813680871434 0.3107027075132796 0.14586259001848595 0.11222381677079085 0.11 || 0 || 565
5.330129707009257 1.7986813680871434 0.3107027075132796 0.14586259001848595 0.11222381677079085 0.11 || 0 || 567
3.5216859784973034 1.6429409789475078 0.5987935603904255 0.28484276524936225 0.14864656309517582 0.11 || 0 || 569
3.5216859784973034 1.6429409789475078 0.5987935603904255 0.28484276524936225 0.14864656309517582 0.11 || 0 || 571
2.0345462011173034 1.207205521949641 0.6042157503856834 0.46722721314039706 0.13778294382573003 0.11 || 0 || 573
2.0345462011173034 1.207205521949641 0.6042157503856834 0.46722721314039706 0.13778294382573003 0.11 || 0 || 574
2.0345462011173034 1.207205521949641 0.6042157503856834 0.46722721314039706 0.13778294382573003 0.11 || 0 || 576
2.1139577549888005 0.8338448716029591 0.8276028650088816 0.3742808198708338 0.11045698348370359 0.11 || 0 || 578
2.1139577549888005 0.8338448716029591 0.8276028650088816 0.3742808198708338 0.11045698348370359 0.11 || 0 || 580
2.329164539132528 0.6363893919777823 0.47982265407187746 0.3582223631204494 0.1299051160703671 0.11 || 0 || 582
2.329164539132528 0.6363893919777823 0.47982265407187746 0.3582223631204494 0.1299051160703671 0.11 || 0 || 583
2.329164539132528 0.6363893919777823 0.47982265407187746 0.3582223631204494 0.1299051160703671 0.11 || 0 || 585
2.4044142270925573 0.6820013676550087 0.528330854963218 0.3227120127298071 0.09727978885422826 0.11 || 0 || 587
2.4044142270925573 0.6820013676550087 0.528330854963218 0.3227120127298071 0.09727978885422826 0.11 || 0 || 589
2.7565143589173484 0.682072215926008 0.3326627515341058 0.30538370117607966 0.09102941114828172 0.11 || 0 || 591
2.7565143589173484 0.682072215926008 0.3326627515341058 0.30538370117607966 0.09102941114828172 0.11 || 0 || 592
2.7565143589173484 0.682072215926008 0.3326627515341058 0.30538370117607966 0.09102941114828172 0.11 || 0 || 594
2.30801166545676 0.6772864815616315 0.1900562290330647 0.1761368388444451 0.08832096809329196 0.11 || 0 || 596
2.30801166545676 0.6772864815616315 0.1900562290330647 0.1761368388444451 0.08832096809329196 0.11 || 0 || 598
0.9907521465524645 0.835087526188766 0.29552086190120663 0.24557039386972765 0.11667493788568342 0.11 || 0 || 600
0.9907521465524645 0.835087526188766 0.29552086190120663 0.24557039386972765 0.11667493788568342 0.11 || 0 || 601
0.9907521465524645 0.835087526188766 0.29552086190120663 0.24557039386972765 0.11667493788568342 0.11 || 0 || 603
1.0841146273932014 0.6734166146104013 0.3771208514322345 0.2592098776151943 0.11405743506584096 0.11 || 0 || 605
1.0841146273932014 0.6734166146104013 0.3771208514322345 0.2592098776151943 0.11405743506584096 0.11 || 0 || 607
0.9541987399239678 0.5004874776443752 0.33000692226405176 0.24727424742398463 0.08491347349851766 0.11 || 0 || 609
0.9541987399239678 0.5004874776443752 0.33000692226405176 0.24727424742398463 0.08491347349851766 0.11 || 0 || 610
0.9541987399239678 0.5004874776443752 0.33000692226405176 0.24727424742398463 0.08491347349851766 0.11 || 0 || 612
1.1364270354989703 0.8418473654253621 0.37307713668105547 0.19735944743576742 0.08691895387604653 0.11 || 0 || 614
1.1364270354989703 0.8418473654253621 0.37307713668105547 0.19735944743576742 0.08691895387604653 0.11 || 0 || 616
1.7340163664611823 0.9557214852969386 0.6559952470554502 0.1805167515573849 0.12143330025968532 0.11 || 0 || 618
1.7340163664611823 0.9557214852969386 0.6559952470554502 0.1805167515573849 0.12143330025968532 0.11 || 0 || 619
1.7340163664611823 0.9557214852969386 0.6559952470554502 0.1805167515573849 0.12143330025968532 0.11 || 0 || 621
2.569179315290476 0.801962979283014 0.8835943615365904 0.2508916536978251 0.1257159066124557 0.11 || 0 || 623
2.569179315290476 0.801962979283014 0.8835943615365904 0.2508916536978251 0.1257159066124557 0.11 || 0 || 625
4.295720953724047 0.6821246947815499 0.957197731167799 0.28807629245250366 0.13483769267339119 0.11 || 0 || 627
4.295720953724047 0.6821246947815499 0.957197731167799 0.28807629245250366 0.13483769267339119 0.11 || 0 || 628
4.295720953724047 0.6821246947815499 0.957197731167799 0.28807629245250366 0.13483769267339119 0.11 || 0 || 630
5.436106395224595 0.7433089092993903 0.7699248353854831 0.42870103824869493 0.12201303701912357 0.11 || 0 || 632
5.436106395224595 0.7433089092993903 0.7699248353854831 0.42870103824869493 0.12201303701912357 0.11 || 0 || 634
2.275926709282076 0.9065919265061189 0.8596354449767 0.47190936643068254 0.11746955511846287 0.11 || 0 || 636
2.275926709282076 0.9065919265061189 0.8596354449767 0.47190936643068254 0.11746955511846287 0.11 || 0 || 637
2.275926709282076 0.9065919265061189 0.8596354449767 0.47190936643068254 0.11746955511846287 0.11 || 0 || 639
1.4578593739949088 1.266930411876498 0.6577934813647971 0.3915829221123871 0.11581065211977536 0.11 || 0 || 641
1.4578593739949088 1.266930411876498 0.6577934813647971 0.3915829221123871 0.11581065211977536 0.11 || 0 || 643
0.8512536144853144 0.90314237418981 0.36495468384865776 0.32450796663335213 0.10557594265012392 0.11 || 0 || 645
0.8512536144853144 0.90314237418981 0.36495468384865776 0.32450796663335213 0.10557594265012392 0.11 || 0 || 646
0.8512536144853144 0.90314237418981 0.36495468384865776 0.32450796663335213 0.10557594265012392 0.11 || 0 || 648
1.7442678096057704 0.5511133028575129 0.31737242498167606 0.21183183985594703 0.09014516111244014 0.11 || 0 || 650
1.7442678096057704 0.5511133028575129 0.31737242498167606 0.21183183985594703 0.09014516111244014 0.11 || 0 || 652
1.913054208503007 0.527075375705904 0.3836177863327774 0.23142625041301815 0.08911467079647521 0.11 || 0 || 654
1.913054208503007 0.527075375705904 0.3836177863327774 0.23142625041301815 0.08911467079647521 0.11 || 0 || 655
1.913054208503007 0.527075375705904 0.3836177863327774 0.23142625041301815 0.08911467079647521 0.11 || 0 || 657
1.8606357329365295 1.6004921496588933 0.7225094102417544 0.2923372187934117 0.07581605850867414 0.11 || 0 || 659
1.8606357329365295 1.6004921496588933 0.7225094102417544 0.2923372187934117 0.07581605850867414 0.11 || 0 || 661
3.523073095363739 3.330455835409774 0.635966772685444 0.2432953286263483 0.09526707474670965 0.11 || 0 || 663
3.523073095363739 3.330455835409774 0.635966772685444 0.2432953286263483 0.09526707474670965 0.11 || 0 || 664
3.523073095363739 3.330455835409774 0.635966772685444 0.2432953286263483 0.09526707474670965 0.11 || 0 || 666
3.2760128521055845 2.365050770385656 0.4636242302894775 0.2366685696697494 0.08184942074889857 0.11 || 0 || 668
3.2760128521055845 2.365050770385656 0.4636242302894775 0.2366685696697494 0.08184942074889857 0.11 || 0 || 670
6.6767744795476744 1.4264234047313586 0.7143501987789654 0.15088871676525048 0.09222021907792585 0.11 || 0 || 672
6.6767744795476744 1.4264234047313586 0.7143501987789654 0.15088871676525048 0.09222021907792585 0.11 || 0 || 673
6.6767744795476744 1.4264234047313586 0.7143501987789654 0.15088871676525048 0.09222021907792585 0.11 || 0 || 675
8.583621961897698 0.9538574392447676 0.8372951831404578 0.12101506169802656 0.10811227535785793 0.11 || 0 || 677
8.583621961897698 0.9538574392447676 0.8372951831404578 0.12101506169802656 0.10811227535785793 0.11 || 0 || 679
5.138539549729763 0.7862939652500309 0.31095215744968685 0.261664103956192 0.10549409084700231 0.11 || 0 || 681
5.138539549729763 0.7862939652500309 0.31095215744968685 0.261664103956192 0.10549409084700231 0.11 || 0 || 682
5.138539549729763 0.7862939652500309 0.31095215744968685 0.261664103956192 0.10549409084700231 0.11 || 0 || 684
4.285656112567938 0.7235509370191401 0.6644811772728372 0.3375465821191909 0.08253070866226946 0.11 || 0 || 686
4.285656112567938 0.7235509370191401 0.6644811772728372 0.3375465821191909 0.08253070866226946 0.11 || 0 || 688
4.389327084507703 1.0675220735477837 0.7012024490071604 0.25485186251795694 0.060517803565426784 0.11 || 0 || 690
4.389327084507703 1.0675220735477837 0.7012024490071604 0.25485186251795694 0.060517803565426784 0.11 || 0 || 691
4.389327084507703 1.0675220735477837 0.7012024490071604 0.25485186251795694 0.060517803565426784 0.11 || 0 || 693
3.267253795870229 1.2291886459651638 0.42778698716292357 0.16886356096792846 0.0731445176339478 0.11 || 0 || 695
3.267253795870229 1.2291886459651638 0.42778698716292357 0.16886356096792846 0.0731445176339478 0.11 || 0 || 697
2.5305832866580102 2.5649716572669123 0.46727539910743054 0.2101067749183352 0.09899587138298885 0.11 || 0 || 699
2.5305832866580102 2.5649716572669123 0.46727539910743054 0.2101067749183352 0.09899587138298885 0.11 || 0 || 700
2.5305832866580102 2.5649716572669123 0.46727539910743054 0.2101067749183352 0.09899587138298885 0.11 || 0 || 702
3.734225763388826 2.7254521919805588 0.44501676754059144 0.2630226282835223 0.10932974441391471 0.11 || 0 || 704
3.734225763388826 2.7254521919805588 0.44501676754059144 0.2630226282835223 0.10932974441391471 0.11 || 0 || 706
4.158897674531427 0.8428353164655135 0.7031798457216136 0.22584493522479632 0.10168462002893164 0.11 || 0 || 708
4.158897674531427 0.8428353164655135 0.7031798457216136 0.22584493522479632 0.10168462002893164 0.11 || 0 || 709
4.158897674531427 0.8428353164655135 0.7031798457216136 0.22584493522479632 0.10168462002893164 0.11 || 0 || 711
1.5196408747459555 0.4949825553673979 0.4675614352424859 0.19741417016824703 0.0850756422170662 0.11 || 0 || 713
1.5196408747459555 0.4949825553673979 0.4675614352424859 0.19741417016824703 0.0850756422170662 0.11 || 0 || 715
1.2074508394670866 0.5313741094925096 0.2509745314186549 0.21222331374954953 0.08015489230663461 0.11 || 0 || 717
1.2074508394670866 0.5313741094925096 0.2509745314186549 0.21222331374954953 0.08015489230663461 0.11 || 0 || 718
1.2074508394670866 0.5313741094925096 0.2509745314186549 0.21222331374954953 0.08015489230663461 0.11 || 0 || 720
1.165945913792634 0.4508919366315954 0.8063534836907053 0.19703658708503913 0.11116121168406655 0.11 || 0 || 722
1.165945913792634 0.4508919366315954 0.8063534836907053 0.19703658708503913 0.11116121168406655 0.11 || 0 || 724
1.1064543961381645 1.174443203698416 0.8043085589199958 0.21246665827721434 0.12014837838946606 0.11 || 0 || 726
1.1064543961381645 1.174443203698416 0.8043085589199958 0.21246665827721434 0.12014837838946606 0.11 || 0 || 727
1.1064543961381645 1.174443203698416 0.8043085589199958 0.21246665827721434 0.12014837838946606 0.11 || 0 || 729
2.590184195427918 1.6520674859789097 0.6984697433804731 0.21405055332695078 0.14021875514848053 0.11 || 0 || 731
2.590184195427918 1.6520674859789097 0.6984697433804731 0.21405055332695078 0.14021875514848053 0.11 || 0 || 733
3.1005287471693337 1.864180734210451 1.0354687676352143 0.15243602338029835 0.1861795193645123 0.11 || 0 || 735
3.1005287471693337 1.864180734210451 1.0354687676352143 0.15243602338029835 0.1861795193645123 0.11 || 0 || 736
3.1005287471693337 1.864180734210451 1.0354687676352143 0.15243602338029835 0.1861795193645123 0.11 || 0 || 738
2.8011362213001085 1.3072791337057685 0.9079137244636813 0.24362334407755834 0.12780360929136816 0.11 || 0 || 740
2.8011362213001085 1.3072791337057685 0.9079137244636813 0.24362334407755834 0.12780360929136816 0.11 || 0 || 742
5.675173520197628 1.8053398502236335 1.5053426662981375 0.4099067941754983 0.12348384932737153 0.11 || 0 || 744
5.675173520197628 1.8053398502236335 1.5053426662981375 0.4099067941754983 0.12348384932737153 0.11 || 0 || 745
5.675173520197628 1.8053398502236335 1.5053426662981375 0.4099067941754983 0.12348384932737153 0.11 || 0 || 747
3.8193618223537333 1.1393075893092828 0.6811208150056339 0.35807142540487213 0.1449743085314199 0.11 || 0 || 749
3.8193618223537333 1.1393075893092828 0.6811208150056339 0.35807142540487213 0.1449743085314199 0.11 || 0 || 751
2.6341964199453702 1.1254593352635336 0.4543156597295012 0.4164792509583843 0.16262533571252608 0.11 || 0 || 753
2.6341964199453702 1.1254593352635336 0.4543156597295012 0.4164792509583843 0.16262533571252608 0.11 || 0 || 754
2.6341964199453702 1.1254593352635336 0.4543156597295012 0.4164792509583843 0.16262533571252608 0.11 || 0 || 756
2.7700104926067013 0.5891886102719038 0.755251657607644 0.3041638275058205 0.1447725996632598 0.11 || 0 || 758
2.7700104926067013 0.5891886102719038 0.755251657607644 0.3041638275058205 0.1447725996632598 0.11 || 0 || 760
3.3006264830685557 0.7921697539024615 0.6715406167149394 0.19709840282908073 0.11078552990046178 0.11 || 0 || 762
3.3006264830685557 0.7921697539024615 0.6715406167149394 0.19709840282908073 0.11078552990046178 0.11 || 0 || 763
3.3006264830685557 0.7921697539024615 0.6715406167149394 0.19709840282908073 0.11078552990046178 0.11 || 0 || 765
4.108995611734075 1.2995065615635955 0.5029671496288644 0.22896451416360794 0.14852179216046735 0.11 || 0 || 767
4.108995611734075 1.2995065615635955 0.5029671496288644 0.22896451416360794 0.14852179216046735 0.11 || 0 || 769
2.469077354050933 0.673737501159759 0.6773614646661773 0.17247695053021675 0.1928354377470007 0.11 || 0 || 771
2.469077354050933 0.673737501159759 0.6773614646661773 0.17247695053021675 0.1928354377470007 0.11 || 0 || 772
2.469077354050933 0.673737501159759 0.6773614646661773 0.17247695053021675 0.1928354377470007 0.11 || 0 || 774
1.3472921880417266 1.0386497650358457 1.004110747493567 0.16298836853102125 0.18846820258485522 0.11 || 0 || 776
1.3472921880417266 1.0386497650358457 1.004110747493567 0.16298836853102125 0.18846820258485522 0.11 || 0 || 778
1.428617557767291 1.1652732663447045 0.6523440054128886 0.18569404995405764 0.1283519586916425 0.11 || 0 || 780
1.428617557767291 1.1652732663447045 0.6523440054128886 0.18569404995405764 0.1283519586916425 0.11 || 0 || 782
1.428617557767291 1.1652732663447045 0.6523440054128886 0.18569404995405764 0.1283519586916425 0.11 || 0 || 783
1.717124590430049 0.6551571881663479 0.2574709565045735 0.15703845893831914 0.17961295719087475 0.11 || 0 || 785
1.717124590430049 0.6551571881663479 0.2574709565045735 0.15703845893831914 0.17961295719087475 0.11 || 0 || 787
2.8899457910052986 0.7387892180298103 0.4061727563154547 0.18119946330614872 0.20147941970574448 0.11 || 0 || 789
2.8899457910052986 0.7387892180298103 0.4061727563154547 0.18119946330614872 0.20147941970574448 0.11 || 0 || 791
2.8899457910052986 0.7387892180298103 0.4061727563154547 0.18119946330614872 0.20147941970574448 0.11 || 0 || 792
1.9102282905043921 0.9225136285471459 0.5462127095402564 0.30175337820643366 0.12935949806798872 0.11 || 0 || 794
1.9102282905043921 0.9225136285471459 0.5462127095402564 0.30175337820643366 0.12935949806798872 0.11 || 0 || 796
4.065049842649397 0.9707812549635106 0.2790890656971732 0.4042958687624249 0.09311217286297495 0.11 || 0 || 798
4.065049842649397 0.9707812549635106 0.2790890656971732 0.4042958687624249 0.09311217286297495 0.11 || 0 || 800
4.065049842649397 0.9707812549635106 0.2790890656971732 0.4042958687624249 0.09311217286297495 0.11 || 0 || 801
7.162184002662331 0.9413824929197975 0.6759659699850762 0.3550221982435815 0.11289752885642629 0.11 || 0 || 803
7.162184002662331 0.9413824929197975 0.6759659699850762 0.3550221982435815 0.11289752885642629 0.11 || 0 || 805
6.3317583069526835 0.8463306740983998 0.714283519178336 0.27329328441557604 0.0815972328157038 0.11 || 0 || 807
6.3317583069526835 0.8463306740983998 0.714283519178336 0.27329328441557604 0.0815972328157038 0.11 || 0 || 809
6.3317583069526835 0.8463306740983998 0.714283519178336 0.27329328441557604 0.0815972328157038 0.11 || 0 || 810
6.77938710364716 1.7383968019281641 0.4890162282543853 0.16894632661955244 0.07354826807534276 0.11 || 0 || 812
6.77938710364716 1.7383968019281641 0.4890162282543853 0.16894632661955244 0.07354826807534276 0.11 || 0 || 814
4.5102291612486205 1.6264294405419493 0.3139396906689501 0.22892037937331952 0.09391528903894866 0.11 || 0 || 816
4.5102291612486205 1.6264294405419493 0.3139396906689501 0.22892037937331952 0.09391528903894866 0.11 || 0 || 818
4.5102291612486205 1.6264294405419493 0.3139396906689501 0.22892037937331952 0.09391528903894866 0.11 || 0 || 819
6.432582967027494 1.2596842811746365 0.34368450617924867 0.32579641964817846 0.12039810204481956 0.11 || 0 || 821
6.432582967027494 1.2596842811746365 0.34368450617924867 0.32579641964817846 0.12039810204481956 0.11 || 0 || 823
5.719603591255111 0.768003840180766 0.7013041059591827 0.3113005550069525 0.1010682910240598 0.11 || 0 || 825
5.719603591255111 0.768003840180766 0.7013041059591827 0.3113005550069525 0.1010682910240598 0.11 || 0 || 827
5.719603591255111 0.768003840180766 0.7013041059591827 0.3113005550069525 0.1010682910240598 0.11 || 0 || 828
2.595093605367494 1.2064877605821076 0.7395073356480716 0.2536614592361192 0.07715293811679802 0.11 || 0 || 830
2.595093605367494 1.2064877605821076 0.7395073356480716 0.2536614592361192 0.07715293811679802 0.11 || 0 || 832
2.406436125981662 1.4298702854674437 1.016938520638977 0.25863176723481923 0.10910256061103908 0.11 || 0 || 834
2.406436125981662 1.4298702854674437 1.016938520638977 0.25863176723481923 0.10910256061103908 0.11 || 0 || 836
2.406436125981662 1.4298702854674437 1.016938520638977 0.25863176723481923 0.10910256061103908 0.11 || 0 || 837
1.0267225595575162 0.939380098015143 0.9226192192425032 0.22078377176595668 0.11046493715575334 0.11 || 0 || 839
1.0267225595575162 0.939380098015143 0.9226192192425032 0.22078377176595668 0.11046493715575334 0.11 || 0 || 841
1.6374733245176207 1.0036542376364126 1.3652481978959705 0.300065845272921 0.11681549009520562 0.11 || 0 || 843
1.6374733245176207 1.0036542376364126 1.3652481978959705 0.300065845272921 0.11681549009520562 0.11 || 0 || 845
1.6374733245176207 1.0036542376364126 1.3652481978959705 0.300065845272921 0.11681549009520562 0.11 || 0 || 846
2.4925823989640437 0.7086542119799323 1.1912572060578634 0.3808369668101307 0.16681678756028076 0.11 || 0 || 848
2.4925823989640437 0.7086542119799323 1.1912572060578634 0.3808369668101307 0.16681678756028076 0.11 || 0 || 850
2.0674073967845974 1.0547773621578334 0.5448691564227716 0.26018144493023326 0.15058100734544103 0.11 || 0 || 852
2.0674073967845974 1.0547773621578334 0.5448691564227716 0.26018144493023326 0.15058100734544103 0.11 || 0 || 854
2.0674073967845974 1.0547773621578334 0.5448691564227716 0.26018144493023326 0.15058100734544103 0.11 || 0 || 855
2.2319638582908223 1.3293056587365613 0.2757832612644292 0.28738220798311936 0.14318595721939806 0.11 || 0 || 857
2.2319638582908223 1.3293056587365613 0.2757832612644292 0.28738220798311936 0.14318595721939806 0.11 || 0 || 859
1.3288425049539119 1.119194276672088 0.3140989242786665 0.2338326347392816 0.11870990757898192 0.11 || 0 || 861
1.3288425049539119 1.119194276672088 0.3140989242786665 0.2338326347392816 0.11870990757898192 0.11 || 0 || 863
1.3288425049539119 1.119194276672088 0.3140989242786665 0.2338326347392816 0.11870990757898192 0.11 || 0 || 864
1.4391357231917263 1.3484757072154698 0.6178694001521254 0.27869994760342304 0.1294344878235052 0.11 || 0 || 866
1.4391357231917263 1.3484757072154698 0.6178694001521254 0.27869994760342304 0.1294344878235052 0.11 || 0 || 868
1.7041755772201022 2.420685291795539 0.46096036042271193 0.3114514678658296 0.09304511337207706 0.11 || 0 || 870
1.7041755772201022 2.420685291795539 0.46096036042271193 0.3114514678658296 0.09304511337207706 0.11 || 0 || 872
1.7041755772201022 2.420685291795539 0.46096036042271193 0.3114514678658296 0.09304511337207706 0.11 || 0 || 873
1.4373882559273539 1.3584470656828846 0.28434214103357147 0.2855051566434196 0.06103380544450522 0.11 || 0 || 875
1.4373882559273539 1.3584470656828846 0.28434214103357147 0.2855051566434196 0.06103380544450522 0.11 || 0 || 877
1.1077394024508775 0.9433959885086429 0.3778875774151519 0.26267488200724465 0.09480239563709272 0.11 || 0 || 879
1.1077394024508775 0.9433959885086429 0.3778875774151519 0.26267488200724465 0.09480239563709272 0.11 || 0 || 881
1.1077394024508775 0.9433959885086429 0.3778875774151519 0.26267488200724465 0.09480239563709272 0.11 || 0 || 882
2.631339578647383 1.978786916684305 0.4563602699707052 0.3146227942072998 0.16414111705400117 0.11 || 0 || 884
2.631339578647383 1.978786916684305 0.4563602699707052 0.3146227942072998 0.16414111705400117 0.11 || 0 || 886
3.651588487308952 2.525795034657159 0.47190084274938393 0.31696845498620585 0.19695309844044864 0.11 || 0 || 888
3.651588487308952 2.525795034657159 0.47190084274938393 0.31696845498620585 0.19695309844044864 0.11 || 0 || 890
3.651588487308952 2.525795034657159 0.47190084274938393 0.31696845498620585 0.19695309844044864 0.11 || 0 || 891
1.8622992676742394 2.321850707226597 0.5828914780834411 0.3260106279484485 0.11810633028927081 0.11 || 0 || 893
1.8622992676742394 2.321850707226597 0.5828914780834411 0.3260106279484485 0.11810633028927081 0.11 || 0 || 895
0.716249071959874 1.3731769630463555 0.9833116744779211 0.30080531799249494 0.12102800154107961 0.11 || 0 || 897
0.716249071959874 1.3731769630463555 0.9833116744779211 0.30080531799249494 0.12102800154107961 0.11 || 0 || 899
0.716249071959874 1.3731769630463555 0.9833116744779211 0.30080531799249494 0.12102800154107961 0.11 || 0 || 900
1.741378394281196 1.5684703887269609 0.6210124302895593 0.24701070581559528 0.10727041431320031 0.11 || 0 || 902
1.741378394281196 1.5684703887269609 0.6210124302895593 0.24701070581559528 0.10727041431320031 0.11 || 0 || 904
2.8148927904075767 1.1869703084093102 0.40629071289323476 0.2076836302340263 0.0872957812039563 0.11 || 0 || 906
2.8148927904075767 1.1869703084093102 0.40629071289323476 0.2076836302340263 0.0872957812039563 0.11 || 0 || 908
2.8148927904075767 1.1869703084093102 0.40629071289323476 0.2076836302340263 0.0872957812039563 0.11 || 0 || 909
2.3867902753438788 1.3047585333199474 0.6861331279244365 0.19434500658059117 0.094241210382073 0.11 || 0 || 911
2.3867902753438788 1.3047585333199474 0.6861331279244365 0.19434500658059117 0.094241210382073 0.11 || 0 || 913
5.307764309828432 1.2918896280971996 0.730864508789974 0.34814499447983993 0.09962479320212292 0.11 || 0 || 915
5.307764309828432 1.2918896280971996 0.730864508789974 0.34814499447983993 0.09962479320212292 0.11 || 0 || 917
5.307764309828432 1.2918896280971996 0.730864508789974 0.34814499447983993 0.09962479320212292 0.11 || 0 || 918
4.191364020450205 1.257517927139732 0.8162262950715855 0.4198736123186842 0.10705673246708838 0.11 || 0 || 920
4.191364020450205 1.257517927139732 0.8162262950715855 0.4198736123186842 0.10705673246708838 0.11 || 0 || 922
1.5077148319084925 1.3290769513190508 0.4582958892384367 0.27197753823943455 0.11397597252873551 0.11 || 0 || 924
1.5077148319084925 1.3290769513190508 0.4582958892384367 0.27197753823943455 0.11397597252873551 0.11 || 0 || 926
1.5077148319084925 1.3290769513190508 0.4582958892384367 0.27197753823943455 0.11397597252873551 0.11 || 0 || 927
0.727244475075921 1.2057650493153331 0.41478282174993525 0.2325056491072824 0.1018960978511502 0.11 || 0 || 929
0.727244475075921 1.2057650493153331 0.41478282174993525 0.2325056491072824 0.1018960978511502 0.11 || 0 || 931
0.8170340171478814 0.6974484734191662 0.2441792755449858 0.32370911829860277 0.14922268890835885 0.11 || 0 || 933
0.8170340171478814 0.6974484734191662 0.2441792755449858 0.32370911829860277 0.14922268890835885 0.11 || 0 || 935
0.8170340171478814 0.6974484734191662 0.2441792755449858 0.32370911829860277 0.14922268890835885 0.11 || 0 || 936
0.8169856703574341 1.1690839727903348 0.24538442427385906 0.48649365846855636 0.1516657581112199 0.11 || 0 || 938
0.8169856703574341 1.1690839727903348 0.24538442427385906 0.48649365846855636 0.1516657581112199 0.11 || 0 || 940
1.3971449413659298 2.879866826891596 0.5152556918208115 0.43309693979840963 0.1013244574541599 0.11 || 0 || 942
1.3971449413659298 2.879866826891596 0.5152556918208115 0.43309693979840963 0.1013244574541599 0.11 || 0 || 944
1.3971449413659298 2.879866826891596 0.5152556918208115 0.43309693979840963 0.1013244574541599 0.11 || 0 || 945
2.2108133332508935 3.248860186271922 0.5909147543651079 0.3292020972337437 0.09665586330660125 0.11 || 0 || 947
2.2108133332508935 3.248860186271922 0.5909147543651079 0.3292020972337437 0.09665586330660125 0.11 || 0 || 949
1.9159656112696861 0.9856735986213087 0.42543337847837126 0.3247017049307615 0.09840784260633074 0.11 || 0 || 951
1.9159656112696861 0.9856735986213087 0.42543337847837126 0.3247017049307615 0.09840784260633074 0.11 || 0 || 953
1.9159656112696861 0.9856735986213087 0.42543337847837126 0.3247017049307615 0.09840784260633074 0.11 || 0 || 954
2.9092234422106547 0.5603818524803793 0.3421983305995687 0.19125331473290472 0.10107039865600964 0.11 || 0 || 956
2.9092234422106547 0.5603818524803793 0.3421983305995687 0.19125331473290472 0.10107039865600964 0.11 || 0 || 958
4.064839096106656 0.5372270210200639 0.336602105907011 0.14616665038616197 0.11362777052155307 0.11 || 0 || 960
4.064839096106656 0.5372270210200639 0.336602105907011 0.14616665038616197 0.11362777052155307 0.11 || 0 || 962
4.064839096106656 0.5372270210200639 0.336602105907011 0.14616665038616197 0.11362777052155307 0.11 || 0 || 963
4.97427536610151 0.4767229653605692 0.49291328077189767 0.1997930555128034 0.10804753310357655 0.11 || 0 || 965
4.97427536610151 0.4767229653605692 0.49291328077189767 0.1997930555128034 0.10804753310357655 0.11 || 0 || 967
2.312304322399152 0.3909138046225585 0.48548469914864145 0.2588426866733671 0.09528316632515677 0.11 || 0 || 969
2.312304322399152 0.3909138046225585 0.48548469914864145 0.2588426866733671 0.09528316632515677 0.11 || 0 || 971
2.312304322399152 0.3909138046225585 0.48548469914864145 0.2588426866733671 0.09528316632515677 0.11 || 0 || 973
2.0393551062486703 0.38584327980150435 0.33321651459902246 0.2423372378760675 0.09426539969112811 0.11 || 0 || 974
2.0393551062486703 0.38584327980150435 0.33321651459902246 0.2423372378760675 0.09426539969112811 0.11 || 0 || 976
3.1620417431548966 0.8612236126814204 0.2895177366030743 0.2490925171457857 0.11862978007166003 0.11 || 0 || 978
3.1620417431548966 0.8612236126814204 0.2895177366030743 0.2490925171457857 0.11862978007166003 0.11 || 0 || 980
3.1620417431548966 0.8612236126814204 0.2895177366030743 0.2490925171457857 0.11862978007166003 0.11 || 0 || 982
4.368607399840791 1.1245499205926308 0.35590650785842803 0.13750792057178832 0.12884872337816347 0.11 || 0 || 983
4.368607399840791 1.1245499205926308 0.35590650785842803 0.13750792057178832 0.12884872337816347 0.11 || 0 || 985
2.2132187933658205 0.9882792300202298 0.443383919100666 0.15076167340701918 0.09866971465038842 0.11 || 0 || 987
2.2132187933658205 0.9882792300202298 0.443383919100666 0.15076167340701918 0.09866971465038842 0.11 || 0 || 989
2.2132187933658205 0.9882792300202298 0.443383919100666 0.15076167340701918 0.09866971465038842 0.11 || 0 || 991
1.9928758388976797 0.6128338372952691 0.6367303449937807 0.2238943974264189 0.08503261120590287 0.11 || 0 || 992
1.9928758388976797 0.6128338372952691 0.6367303449937807 0.2238943974264189 0.08503261120590287 0.11 || 0 || 994
1.696835039994775 0.6074485967245388 1.1434220692777872 0.1634291753352334 0.10926990996332929 0.11 || 0 || 996
1.696835039994775 0.6074485967245388 1.1434220692777872 0.1634291753352334 0.10926990996332929 0.11 || 0 || 998
1.696835039994775 0.6074485967245388 1.1434220692777872 0.1634291753352334 0.10926990996332929 0.11 || 0 || 1000
3.4807236358672773 1.1005242159369368 1.1734183800634923 0.1097747670847693 0.09787790493990532 0.11 || 0 || 1001
3.4807236358672773 1.1005242159369368 1.1734183800634923 0.1097747670847693 0.09787790493990532 0.11 || 0 || 1003
10.346413924006935 0.9612613257983621 0.5524286849068081 0.2717291376552387 0.09550302738052749 0.11 || 0 || 1005
10.346413924006935 0.9612613257983621 0.5524286849068081 0.2717291376552387 0.09550302738052749 0.11 || 0 || 1007
10.346413924006935 0.9612613257983621 0.5524286849068081 0.2717291376552387 0.09550302738052749 0.11 || 0 || 1009
5.742937445413222 0.5728574581301775 0.31612048553314137 0.38489294716322425 0.12627306888344705 0.11 || 0 || 1010
5.742937445413222 0.5728574581301775 0.31612048553314137 0.38489294716322425 0.12627306888344705 0.11 || 0 || 1012
3.8108300629009384 1.0068804985510684 0.4347357415139849 0.3615102667123452 0.10929669833059914 0.11 || 0 || 1014
3.8108300629009384 1.0068804985510684 0.4347357415139849 0.3615102667123452 0.10929669833059914 0.11 || 0 || 1016
3.8108300629009384 1.0068804985510684 0.4347357415139849 0.3615102667123452 0.10929669833059914 0.11 || 0 || 1018
2.5444601448279394 1.1249036492657098 0.6206045740564862 0.25072709621818373 0.09980045284658376 0.11 || 0 || 1019
2.5444601448279394 1.1249036492657098 0.6206045740564862 0.25072709621818373 0.09980045284658376 0.11 || 0 || 1021
2.4336718832123214 1.2249933656033525 0.4435114680266385 0.2673656562327972 0.14333659778125896 0.11 || 0 || 1023
2.4336718832123214 1.2249933656033525 0.4435114680266385 0.2673656562327972 0.14333659778125896 0.11 || 0 || 1025
1.321389315597698 0.7799414672280122 0.37626277585058465 0.41819515894476345 0.12344055022153505 0.11 || 0 || 1027
1.321389315597698 0.7799414672280122 0.37626277585058465 0.41819515894476345 0.12344055022153505 0.11 || 0 || 1028
1.321389315597698 0.7799414672280122 0.37626277585058465 0.41819515894476345 0.12344055022153505 0.11 || 0 || 1030
5.71507150206667 0.6855251771111343 0.38514718887653704 0.3959872721599032 0.12621128922802666 0.11 || 0 || 1032
5.71507150206667 0.6855251771111343 0.38514718887653704 0.3959872721599032 0.12621128922802666 0.11 || 0 || 1034
5.71507150206667 0.6855251771111343 0.38514718887653704 0.3959872721599032 0.12621128922802666 0.11 || 0 || 1036
9.302489551024367 0.8583442703659467 0.9727944414775865 0.1693137530388981 0.16960648748143886 0.11 || 0 || 1037
9.302489551024367 0.8583442703659467 0.9727944414775865 0.1693137530388981 0.16960648748143886 0.11 || 0 || 1039
7.677467445922779 0.7704704048183861 0.6708074909923311 0.2308179222411546 0.19417943010158062 0.11 || 0 || 1041
7.677467445922779 0.7704704048183861 0.6708074909923311 0.2308179222411546 0.19417943010158062 0.11 || 0 || 1043
7.677467445922779 0.7704704048183861 0.6708074909923311 0.2308179222411546 0.19417943010158062 0.11 || 0 || 1045
3.5911446241839977 0.4872460823344681 0.3405107567587555 0.3475938019105117 0.15394127164755467 0.11 || 0 || 1046
3.5911446241839977 0.4872460823344681 0.3405107567587555 0.3475938019105117 0.15394127164755467 0.11 || 0 || 1048
1.0902958605562216 0.34635997831648363 0.40908139407338473 0.2701489552466924 0.11711990715520473 0.11 || 0 || 1050
1.0902958605562216 0.34635997831648363 0.40908139407338473 0.2701489552466924 0.11711990715520473 0.11 || 0 || 1052
1.0902958605562216 0.34635997831648363 0.40908139407338473 0.2701489552466924 0.11711990715520473 0.11 || 0 || 1054
1.9785039832825275 0.3612125663821852 0.4293972432596318 0.20773046569350773 0.08894010046957586 0.11 || 0 || 1055
1.9785039832825275 0.3612125663821852 0.4293972432596318 0.20773046569350773 0.08894010046957586 0.11 || 0 || 1057
2.9204926429182088 0.9656360571534951 0.6418227288794376 0.32027468469208825 0.11713386624479417 0.11 || 0 || 1059
2.9204926429182088 0.9656360571534951 0.6418227288794376 0.32027468469208825 0.11713386624479417 0.11 || 0 || 1061
4.131773189102904 2.303953231221156 0.48264444294947584 0.4373697392458973 0.17045911938473388 0.11 || 0 || 1063
4.131773189102904 2.303953231221156 0.48264444294947584 0.4373697392458973 0.17045911938473388 0.11 || 0 || 1064
4.131773189102904 2.303953231221156 0.48264444294947584 0.4373697392458973 0.17045911938473388 0.11 || 0 || 1066
4.806078442488298 2.793017638237588 0.4806976288727467 0.3304169301263213 0.13277715436834492 0.11 || 0 || 1068
4.806078442488298 2.793017638237588 0.4806976288727467 0.3304169301263213 0.13277715436834492 0.11 || 0 || 1070
4.806078442488298 2.793017638237588 0.4806976288727467 0.3304169301263213 0.13277715436834492 0.11 || 0 || 1072
1.8356741843437423 1.4724481790418398 0.36891051052219603 0.2639266164279823 0.12997131957634467 0.11 || 0 || 1073
1.8356741843437423 1.4724481790418398 0.36891051052219603 0.2639266164279823 0.12997131957634467 0.11 || 0 || 1075
1.2727584608492246 1.2446296386139952 0.40158677344783966 0.21687653425182657 0.1229338867644924 0.11 || 0 || 1077
1.2727584608492246 1.2446296386139952 0.40158677344783966 0.21687653425182657 0.1229338867644924 0.11 || 0 || 1079
1.2727584608492246 1.2446296386139952 0.40158677344783966 0.21687653425182657 0.1229338867644924 0.11 || 0 || 1081
1.1024800666403414 0.9041737051036959 0.49424367734221913 0.27021352385989544 0.10352108191251529 0.11 || 0 || 1082
1.1024800666403414 0.9041737051036959 0.49424367734221913 0.27021352385989544 0.10352108191251529 0.11 || 0 || 1084
0.680619030646434 0.5628435444395677 0.31273778646684214 0.290952820365568 0.10570660343770037 0.11 || 0 || 1086
0.680619030646434 0.5628435444395677 0.31273778646684214 0.290952820365568 0.10570660343770037 0.11 || 0 || 1088
0.680619030646434 0.5628435444395677 0.31273778646684214 0.290952820365568 0.10570660343770037 0.11 || 0 || 1090
0.9693584597836402 0.49097848625733853 0.1852636563474298 0.2659907091770201 0.09156104920660149 0.11 || 0 || 1091
0.9693584597836402 0.49097848625733853 0.1852636563474298 0.2659907091770201 0.09156104920660149 0.11 || 0 || 1093
1.1905237630276762 0.7869894160369019 0.25292943697754694 0.33925323276350206 0.13144429959262302 0.11 || 0 || 1095
1.1905237630276762 0.7869894160369019 0.25292943697754694 0.33925323276350206 0.13144429959262302 0.11 || 0 || 1097
1.1905237630276762 0.7869894160369019 0.25292943697754694 0.33925323276350206 0.13144429959262302 0.11 || 0 || 1099
1.8002656369981043 1.018130901603599 0.27263088638563593 0.23811478034952877 0.13041873129574916 0.11 || 0 || 1100
1.8002656369981043 1.018130901603599 0.27263088638563593 0.23811478034952877 0.13041873129574916 0.11 || 0 || 1102
1.901003760339484 1.9624665974437667 0.5115149838766245 0.17795766946322952 0.11904926341125688 0.11 || 0 || 1104
1.901003760339484 1.9624665974437667 0.5115149838766245 0.17795766946322952 0.11904926341125688 0.11 || 0 || 1106
1.901003760339484 1.9624665974437667 0.5115149838766245 0.17795766946322952 0.11904926341125688 0.11 || 0 || 1108
0.8598762193627786 2.39919259291951 0.5140867356677025 0.25918841407695536 0.10692274466494096 0.11 || 0 || 1109
0.8598762193627786 2.39919259291951 0.5140867356677025 0.25918841407695536 0.10692274466494096 0.11 || 0 || 1111
1.1111937524354687 1.745429100273307 0.1982347247941854 0.21440264862792652 0.1095938300173071 0.11 || 0 || 1113
1.1111937524354687 1.745429100273307 0.1982347247941854 0.21440264862792652 0.1095938300173071 0.11 || 0 || 1115
1.1111937524354687 1.745429100273307 0.1982347247941854 0.21440264862792652 0.1095938300173071 0.11 || 0 || 1117
1.3168278657065176 1.1481397199734442 0.5119471013489698 0.20858182991574173 0.11541770840364504 0.11 || 0 || 1118
1.3168278657065176 1.1481397199734442 0.5119471013489698 0.20858182991574173 0.11541770840364504 0.11 || 0 || 1120
3.0948754531012836 1.1482062488050748 0.3504542184417004 0.18814360441229946 0.10922157132933719 0.11 || 0 || 1122
3.0948754531012836 1.1482062488050748 0.3504542184417004 0.18814360441229946 0.10922157132933719 0.11 || 0 || 1124
3.0948754531012836 1.1482062488050748 0.3504542184417004 0.18814360441229946 0.10922157132933719 0.11 || 0 || 1126
3.0436278826995173 0.8833805763590927 0.36404538104554923 0.19484703717479848 0.14800269416887252 0.11 || 0 || 1127
3.0436278826995173 0.8833805763590927 0.36404538104554923 0.19484703717479848 0.14800269416887252 0.11 || 0 || 1129
1.7469406622396197 1.4420224956564098 0.25991977103081987 0.32370505794874027 0.18914424848079406 0.11 || 0 || 1131
1.7469406622396197 1.4420224956564098 0.25991977103081987 0.32370505794874027 0.18914424848079406 0.11 || 0 || 1133
1.7469406622396197 1.4420224956564098 0.25991977103081987 0.32370505794874027 0.18914424848079406 0.11 || 0 || 1135
1.8128443917394874 1.029491979794119 0.2978426144093992 0.2923333007342208 0.12738040482629145 0.11 || 0 || 1136
1.8128443917394874 1.029491979794119 0.2978426144093992 0.2923333007342208 0.12738040482629145 0.11 || 0 || 1138
2.5287824218559436 1.7867808719986265 0.37783097234383745 0.24840774907220411 0.0976622642354209 0.11 || 0 || 1140
2.5287824218559436 1.7867808719986265 0.37783097234383745 0.24840774907220411 0.0976622642354209 0.11 || 0 || 1142
2.5287824218559436 1.7867808719986265 0.37783097234383745 0.24840774907220411 0.0976622642354209 0.11 || 0 || 1144
2.3693716155749827 1.7599932504759555 0.5122605633494417 0.20179661568969043 0.10139272676140627 0.11 || 0 || 1145
2.3693716155749827 1.7599932504759555 0.5122605633494417 0.20179661568969043 0.10139272676140627 0.11 || 0 || 1147
1.9014778022331429 1.2493254043977329 0.36695930123501014 0.1997642042754126 0.12918469190136175 0.11 || 0 || 1149
1.9014778022331429 1.2493254043977329 0.36695930123501014 0.1997642042754126 0.12918469190136175 0.11 || 0 || 1151
1.9014778022331429 1.2493254043977329 0.36695930123501014 0.1997642042754126 0.12918469190136175 0.11 || 0 || 1153
1.888499115994065 1.5616120643664204 0.5813743583657698 0.24541142958051357 0.11881732716601731 0.11 || 0 || 1154
1.888499115994065 1.5616120643664204 0.5813743583657698 0.24541142958051357 0.11881732716601731 0.11 || 0 || 1156
1.9363357501478293 1.469762937349373 0.28504176839204964 0.2381910974138071 0.1325824193060792 0.11 || 0 || 1158
1.9363357501478293 1.469762937349373 0.28504176839204964 0.2381910974138071 0.1325824193060792 0.11 || 0 || 1160
1.4933893473427844 1.4433112475445122 0.20889242925191331 0.20746389078116237 0.12150985144306668 0.11 || 0 || 1162
1.4933893473427844 1.4433112475445122 0.20889242925191331 0.20746389078116237 0.12150985144306668 0.11 || 0 || 1163
1.4933893473427844 1.4433112475445122 0.20889242925191331 0.20746389078116237 0.12150985144306668 0.11 || 0 || 1165
1.7320549293192988 2.2968010258689135 0.6002833854035937 0.2957067596768585 0.1386880826915587 0.11 || 0 || 1167
1.7320549293192988 2.2968010258689135 0.6002833854035937 0.2957067596768585 0.1386880826915587 0.11 || 0 || 1169
1.7320549293192988 2.2968010258689135 0.6002833854035937 0.2957067596768585 0.1386880826915587 0.11 || 0 || 1171
1.7565099970908848 2.2993461277139584 0.579755899717224 0.28976885088274323 0.18674326207405365 0.11 || 0 || 1172
1.7565099970908848 2.2993461277139584 0.579755899717224 0.28976885088274323 0.18674326207405365 0.11 || 0 || 1174
2.177398186106005 1.8856524885297605 0.31392430650003456 0.298520467847076 0.14473973789494085 0.11 || 0 || 1176
2.177398186106005 1.8856524885297605 0.31392430650003456 0.298520467847076 0.14473973789494085 0.11 || 0 || 1178
2.177398186106005 1.8856524885297605 0.31392430650003456 0.298520467847076 0.14473973789494085 0.11 || 0 || 1180
2.411094612297739 1.074503584719088 0.44044041518857213 0.2023897077580689 0.10560864729206527 0.11 || 0 || 1181
2.411094612297739 1.074503584719088 0.44044041518857213 0.2023897077580689 0.10560864729206527 0.11 || 0 || 1183
4.749523324412972 0.841409650627184 0.34117424902409443 0.1366868595861519 0.10386793260491319 0.11 || 0 || 1185
4.749523324412972 0.841409650627184 0.34117424902409443 0.1366868595861519 0.10386793260491319 0.11 || 0 || 1187
4.749523324412972 0.841409650627184 0.34117424902409443 0.1366868595861519 0.10386793260491319 0.11 || 0 || 1189
2.747505757973599 1.5079571254234554 0.17979296154880475 0.20079780077767648 0.0927290527253168 0.11 || 0 || 1190
2.747505757973599 1.5079571254234554 0.17979296154880475 0.20079780077767648 0.0927290527253168 0.11 || 0 || 1192
1.4848932289425238 2.0937309852701262 0.3931675679960599 0.21523163133941137 0.08577766547617509 0.11 || 0 || 1194
1.4848932289425238 2.0937309852701262 0.3931675679960599 0.21523163133941137 0.08577766547617509 0.11 || 0 || 1196
1.4848932289425238 2.0937309852701262 0.3931675679960599 0.21523163133941137 0.08577766547617509 0.11 || 0 || 1198
2.4272887397643794 2.4911237813578113 0.968511457763803 0.2852463063295463 0.10747907905161654 0.11 || 0 || 1199
2.4272887397643794 2.4911237813578113 0.968511457763803 0.2852463063295463 0.10747907905161654 0.11 || 0 || 1201
2.1481067936778406 2.0068015420132665 1.1729292012486654 0.2299147351026264 0.0920148235695906 0.11 || 0 || 1203
2.1481067936778406 2.0068015420132665 1.1729292012486654 0.2299147351026264 0.0920148235695906 0.11 || 0 || 1205
2.1481067936778406 2.0068015420132665 1.1729292012486654 0.2299147351026264 0.0920148235695906 0.11 || 0 || 1207
1.4105376796146532 1.5486043969788152 0.7054552418439152 0.19823220527427005 0.0964731037819776 0.11 || 0 || 1208
1.4105376796146532 1.5486043969788152 0.7054552418439152 0.19823220527427005 0.0964731037819776 0.11 || 0 || 1210
3.2433442804579276 1.2884148916779865 0.9273026555570915 0.21378077845760513 0.1260322626960746 0.11 || 0 || 1212
3.2433442804579276 1.2884148916779865 0.9273026555570915 0.21378077845760513 0.1260322626960746 0.11 || 0 || 1214
4.395401053391492 1.3422434535071492 0.458161609982833 0.15915862003183584 0.12894908918841672 0.11 || 0 || 1216
4.395401053391492 1.3422434535071492 0.458161609982833 0.15915862003183584 0.12894908918841672 0.11 || 0 || 1217
4.395401053391492 1.3422434535071492 0.458161609982833 0.15915862003183584 0.12894908918841672 0.11 || 0 || 1219
2.8021067758802034 1.6911756597648107 0.24942775857447141 0.13670940610559945 0.12163446810291902 0.11 || 0 || 1221
2.8021067758802034 1.6911756597648107 0.24942775857447141 0.13670940610559945 0.12163446810291902 0.11 || 1 || 1223
2.8679065244396917 2.224764699320808 0.830529248741113 0.1152126052474985 0.151297692126526 0.11 || 1 || 1225
2.8679065244396917 2.224764699320808 0.830529248741113 0.1152126052474985 0.151297692126526 0.11 || 1 || 1226
2.8679065244396917 2.224764699320808 0.830529248741113 0.1152126052474985 0.151297692126526 0.11 || 1 || 1228
1.9415780280553687 3.2075735457494807 0.8413813556973228 0.2460090417918124 0.1562275538210154 0.11 || 1 || 1230
1.9415780280553687 3.2075735457494807 0.8413813556973228 0.2460090417918124 0.1562275538210154 0.11 || 1 || 1232
2.840835030403356 2.3463793885330615 0.2626886437309903 0.3215290916681654 0.10774316158290839 0.11 || 1 || 1234
2.840835030403356 2.3463793885330615 0.2626886437309903 0.3215290916681654 0.10774316158290839 0.11 || 1 || 1235
2.840835030403356 2.3463793885330615 0.2626886437309903 0.3215290916681654 0.10774316158290839 0.11 || 1 || 1237
3.2033620819358735 1.2821351626193929 0.2047030807522872 0.15827257408040044 0.09695175814079662 0.11 || 1 || 1239
3.2033620819358735 1.2821351626193929 0.2047030807522872 0.15827257408040044 0.09695175814079662 0.11 || 1 || 1241
2.9238011101911323 1.3634467959586243 0.3713450674152423 0.13121217284171227 0.0890769280452051 0.11 || 1 || 1243
2.9238011101911323 1.3634467959586243 0.3713450674152423 0.13121217284171227 0.0890769280452051 0.11 || 1 || 1244
2.9238011101911323 1.3634467959586243 0.3713450674152423 0.13121217284171227 0.0890769280452051 0.11 || 1 || 1246
1.1315237534645772 0.47829942325079716 0.2944401170658992 0.15420773269822904 0.09084185817910516 0.11 || 1 || 1248
1.1315237534645772 0.47829942325079716 0.2944401170658992 0.15420773269822904 0.09084185817910516 0.11 || 1 || 1250
1.1315237534645772 0.47829942325079716 0.2944401170658992 0.15420773269822904 0.09084185817910516 0.11 || 1 || 1252
1.9396180209424267 0.5924673295120753 0.2883212370904988 0.13735252801158046 0.12499562385309158 0.11 || 1 || 1253
1.9396180209424267 0.5924673295120753 0.2883212370904988 0.13735252801158046 0.12499562385309158 0.11 || 1 || 1255
4.63583740759465 2.2182729452939345 0.6674629163480352 0.19439422774841034 0.09118985415782895 0.11 || 1 || 1257
4.63583740759465 2.2182729452939345 0.6674629163480352 0.19439422774841034 0.09118985415782895 0.11 || 1 || 1259
3.4247253548288237 2.156548505012777 0.4320010216765128 0.23190342251510662 0.08541457410785339 0.11 || 1 || 1261
3.4247253548288237 2.156548505012777 0.4320010216765128 0.23190342251510662 0.08541457410785339 0.11 || 1 || 1262
3.4247253548288237 2.156548505012777 0.4320010216765128 0.23190342251510662 0.08541457410785339 0.11 || 1 || 1264
2.820504474120766 1.1528477048842825 0.5441688534078959 0.24347908005271834 0.12792909212068826 0.11 || 1 || 1266
2.820504474120766 1.1528477048842825 0.5441688534078959 0.24347908005271834 0.12792909212068826 0.11 || 1 || 1268
1.852538976227034 1.7079170168122246 0.7699117046076053 0.24026192177495095 0.0853749623873395 0.11 || 1 || 1270
1.852538976227034 1.7079170168122246 0.7699117046076053 0.24026192177495095 0.0853749623873395 0.11 || 1 || 1271
1.852538976227034 1.7079170168122246 0.7699117046076053 0.24026192177495095 0.0853749623873395 0.11 || 1 || 1273
1.6633830921762123 2.353169610706167 0.7026247299144424 0.17047296714894514 0.09178702767919004 0.11 || 1 || 1275
1.6633830921762123 2.353169610706167 0.7026247299144424 0.17047296714894514 0.09178702767919004 0.11 || 1 || 1277
1.6633830921762123 2.353169610706167 0.7026247299144424 0.17047296714894514 0.09178702767919004 0.11 || 1 || 1279
2.320923469593818 2.4614121238247053 0.46986581182294607 0.1939457961269662 0.12237198240006607 0.11 || 1 || 1280
2.320923469593818 2.4614121238247053 0.46986581182294607 0.1939457961269662 0.12237198240006607 0.11 || 1 || 1282
5.276902143679529 3.0038595463570705 0.8058848695504585 0.3223889355393707 0.16942330405699538 0.11 || 1 || 1284
5.276902143679529 3.0038595463570705 0.8058848695504585 0.3223889355393707 0.16942330405699538 0.11 || 1 || 1286
5.276902143679529 3.0038595463570705 0.8058848695504585 0.3223889355393707 0.16942330405699538 0.11 || 1 || 1288
3.9266859388405018 1.9606299833376184 0.4640861635555427 0.3549014213781635 0.12618481766976178 0.11 || 1 || 1290
3.9266859388405018 1.9606299833376184 0.4640861635555427 0.3549014213781635 0.12618481766976178 0.11 || 1 || 1291
2.6124086259863772 1.5659851337666972 0.24946032373058558 0.18622749205233174 0.1278929282529637 0.11 || 1 || 1293
2.6124086259863772 1.5659851337666972 0.24946032373058558 0.18622749205233174 0.1278929282529637 0.11 || 1 || 1295
2.5578863006805843 0.9577398752539542 0.37403806828979613 0.13797855549870794 0.10510658091199711 0.11 || 1 || 1297
2.5578863006805843 0.9577398752539542 0.37403806828979613 0.13797855549870794 0.10510658091199711 0.11 || 1 || 1299
2.5578863006805843 0.9577398752539542 0.37403806828979613 0.13797855549870794 0.10510658091199711 0.11 || 1 || 1300
2.733502126725454 0.5373888557889245 0.3761976001170595 0.12971379177046002 0.12223105771544535 0.11 || 1 || 1302
2.733502126725454 0.5373888557889245 0.3761976001170595 0.12971379177046002 0.12223105771544535 0.11 || 1 || 1304
2.733502126725454 0.5373888557889245 0.3761976001170595 0.12971379177046002 0.12223105771544535 0.11 || 1 || 1306
2.0912540633460197 0.8309993136529409 0.6270346801159802 0.17250072010589837 0.1399698986132218 0.11 || 1 || 1308
2.0912540633460197 0.8309993136529409 0.6270346801159802 0.17250072010589837 0.1399698986132218 0.11 || 1 || 1309
1.0125228452155142 0.8634539339597077 0.9211243994530162 0.15495023446999162 0.13207929322077394 0.11 || 1 || 1311
1.0125228452155142 0.8634539339597077 0.9211243994530162 0.15495023446999162 0.13207929322077394 0.11 || 1 || 1313
2.0410671728082743 0.6287708621659662 1.103240378472914 0.2058269738010474 0.1127197713958916 0.11 || 1 || 1315
2.0410671728082743 0.6287708621659662 1.103240378472914 0.2058269738010474 0.1127197713958916 0.11 || 1 || 1317
2.0410671728082743 0.6287708621659662 1.103240378472914 0.2058269738010474 0.1127197713958916 0.11 || 1 || 1318
3.8042574703608216 2.1936744641249186 0.6652430902437687 0.3923433613532155 0.1310069436648486 0.11 || 1 || 1320
3.8042574703608216 2.1936744641249186 0.6652430902437687 0.3923433613532155 0.1310069436648486 0.11 || 1 || 1322
2.3124449098056896 2.450176075845489 0.24906970057259217 0.3469219627005414 0.20619706822225412 0.11 || 1 || 1324
2.3124449098056896 2.450176075845489 0.24906970057259217 0.3469219627005414 0.20619706822225412 0.11 || 1 || 1326
2.3124449098056896 2.450176075845489 0.24906970057259217 0.3469219627005414 0.20619706822225412 0.11 || 1 || 1327
1.8089435619291305 1.04322226631533 0.28784488473960934 0.28080409767689324 0.1826537708723369 0.11 || 1 || 1329
1.8089435619291305 1.04322226631533 0.28784488473960934 0.28080409767689324 0.1826537708723369 0.11 || 1 || 1331
2.7744674808665617 0.9580661538851505 0.2528442735055996 0.23723963604488407 0.1199157299323716 0.11 || 1 || 1333
2.7744674808665617 0.9580661538851505 0.2528442735055996 0.23723963604488407 0.1199157299323716 0.11 || 1 || 1335
2.7744674808665617 0.9580661538851505 0.2528442735055996 0.23723963604488407 0.1199157299323716 0.11 || 1 || 1336
2.7584197404059068 0.9700806454903772 0.360876316791776 0.34112638043889587 0.10273707251692114 0.11 || 1 || 1338
2.7584197404059068 0.9700806454903772 0.360876316791776 0.34112638043889587 0.10273707251692114 0.11 || 1 || 1340
4.607478992647849 1.3055957899765782 0.7715874195023694 0.5560181067074418 0.10325594180617562 0.11 || 1 || 1342
4.607478992647849 1.3055957899765782 0.7715874195023694 0.5560181067074418 0.10325594180617562 0.11 || 1 || 1344
4.607478992647849 1.3055957899765782 0.7715874195023694 0.5560181067074418 0.10325594180617562 0.11 || 1 || 1345
4.210595752383187 1.3869974112420964 0.6878869454266119 0.3543651065981886 0.18654317354206162 0.11 || 1 || 1347
4.210595752383187 1.3869974112420964 0.6878869454266119 0.3543651065981886 0.18654317354206162 0.11 || 1 || 1349
4.210595752383187 1.3869974112420964 0.6878869454266119 0.3543651065981886 0.18654317354206162 0.11 || 1 || 1351
2.9598926662230625 1.0000957136285598 0.5368856810481119 0.26859397205285207 0.15679908137292567 0.11 || 1 || 1353
2.9598926662230625 1.0000957136285598 0.5368856810481119 0.26859397205285207 0.15679908137292567 0.11 || 1 || 1354
3.987404310348228 1.2884140148942858 0.4223949910907379 0.30836389970795797 0.1348137997418029 0.11 || 1 || 1356
3.987404310348228 1.2884140148942858 0.4223949910907379 0.30836389970795797 0.1348137997418029 0.11 || 1 || 1358
3.987404310348228 1.2884140148942858 0.4223949910907379 0.30836389970795797 0.1348137997418029 0.11 || 1 || 1360
4.514244654679546 1.2311781956994694 0.2850643878008134 0.3463739713105371 0.1584774940960385 0.11 || 1 || 1362
4.514244654679546 1.2311781956994694 0.2850643878008134 0.3463739713105371 0.1584774940960385 0.11 || 1 || 1363
2.8071194021669665 0.4705376734680367 0.24837566002076883 0.32517126532918067 0.17818120563644904 0.11 || 1 || 1365
2.8071194021669665 0.4705376734680367 0.24837566002076883 0.32517126532918067 0.17818120563644904 0.11 || 1 || 1367
2.5539919755402387 1.0018910929390592 0.44295360438394066 0.28725395885980953 0.15561903288423518 0.11 || 1 || 1369
2.5539919755402387 1.0018910929390592 0.44295360438394066 0.28725395885980953 0.15561903288423518 0.11 || 1 || 1371
2.5539919755402387 1.0018910929390592 0.44295360438394066 0.28725395885980953 0.15561903288423518 0.11 || 1 || 1372
1.2853820215128624 1.7826911672395367 0.5362484497059368 0.21932832013148812 0.17586300783634315 0.11 || 1 || 1374
1.2853820215128624 1.7826911672395367 0.5362484497059368 0.21932832013148812 0.17586300783634315 0.11 || 1 || 1376
1.3565591073492298 1.5746788928630635 0.3108610130807718 0.23517418435770385 0.15057143202988776 0.11 || 1 || 1378
1.3565591073492298 1.5746788928630635 0.3108610130807718 0.23517418435770385 0.15057143202988776 0.11 || 1 || 1380
1.3565591073492298 1.5746788928630635 0.3108610130807718 0.23517418435770385 0.15057143202988776 0.11 || 1 || 1381
3.6711540251999843 1.3759322254816575 0.38813189273635107 0.22904192547693805 0.12093701020145312 0.11 || 1 || 1383
3.6711540251999843 1.3759322254816575 0.38813189273635107 0.22904192547693805 0.12093701020145312 0.11 || 1 || 1385
3.822348711463726 1.1021082204612673 0.44300464550487517 0.30884755963122457 0.12412396314432358 0.11 || 1 || 1387
3.822348711463726 1.1021082204612673 0.44300464550487517 0.30884755963122457 0.12412396314432358 0.11 || 1 || 1389
3.822348711463726 1.1021082204612673 0.44300464550487517 0.30884755963122457 0.12412396314432358 0.11 || 1 || 1390
2.2209087185902123 0.8756873736382573 0.4192716090543811 0.4768137006450097 0.0967283644676958 0.11 || 1 || 1392
2.2209087185902123 0.8756873736382573 0.4192716090543811 0.4768137006450097 0.0967283644676958 0.11 || 1 || 1394
2.2209087185902123 0.8756873736382573 0.4192716090543811 0.4768137006450097 0.0967283644676958 0.11 || 1 || 1396
1.278079895857214 1.279453642651754 0.7029636142183401 0.4346159859133589 0.09146725825063301 0.11 || 1 || 1398
1.278079895857214 1.279453642651754 0.7029636142183401 0.4346159859133589 0.09146725825063301 0.11 || 1 || 1399
2.427582321707788 1.4254188664728726 0.6902782176132128 0.35535194975615186 0.11497789478761337 0.11 || 1 || 1401
2.427582321707788 1.4254188664728726 0.6902782176132128 0.35535194975615186 0.11497789478761337 0.11 || 1 || 1403
4.05033520938931 1.5054299302541747 1.1164729557118687 0.22796379813981038 0.122604268953875 0.11 || 1 || 1405
4.05033520938931 1.5054299302541747 1.1164729557118687 0.22796379813981038 0.122604268953875 0.11 || 1 || 1407
4.05033520938931 1.5054299302541747 1.1164729557118687 0.22796379813981038 0.122604268953875 0.11 || 1 || 1408
2.979200889630147 1.500862137590994 1.375034556624767 0.28065539490489755 0.1218302410257449 0.11 || 1 || 1410
2.979200889630147 1.500862137590994 1.375034556624767 0.28065539490489755 0.1218302410257449 0.11 || 1 || 1412
3.086266089293082 1.242133399687802 1.165234415979403 0.25031422723207775 0.10179310317906057 0.11 || 1 || 1414
3.086266089293082 1.242133399687802 1.165234415979403 0.25031422723207775 0.10179310317906057 0.11 || 1 || 1416
3.086266089293082 1.242133399687802 1.165234415979403 0.25031422723207775 0.10179310317906057 0.11 || 1 || 1417
3.766499309473047 1.560296673919065 0.7365249920738172 0.18733526166920833 0.09067210175718178 0.11 || 1 || 1419
3.766499309473047 1.560296673919065 0.7365249920738172 0.18733526166920833 0.09067210175718178 0.11 || 1 || 1421
2.10755748428444 1.1165778161850886 0.42600366715151405 0.22900593345483838 0.10423181116563207 0.11 || 1 || 1423
2.10755748428444 1.1165778161850886 0.42600366715151405 0.22900593345483838 0.10423181116563207 0.11 || 1 || 1425
2.10755748428444 1.1165778161850886 0.42600366715151405 0.22900593345483838 0.10423181116563207 0.11 || 1 || 1426
1.7707110375663153 1.926920561795999 0.30820267152561803 0.2799389445257689 0.1209073880451134 0.11 || 1 || 1428
1.7707110375663153 1.926920561795999 0.30820267152561803 0.2799389445257689 0.1209073880451134 0.11 || 1 || 1430
2.1463482583565137 1.883898519320853 0.40617354449169807 0.2703397914004916 0.13511160837648087 0.11 || 1 || 1432
2.1463482583565137 1.883898519320853 0.40617354449169807 0.2703397914004916 0.13511160837648087 0.11 || 1 || 1434
2.1463482583565137 1.883898519320853 0.40617354449169807 0.2703397914004916 0.13511160837648087 0.11 || 1 || 1435
3.472576914991601 0.6377884851737169 0.4543379414287416 0.16091893078451022 0.15459481054333002 0.11 || 1 || 1437
3.472576914991601 0.6377884851737169 0.4543379414287416 0.16091893078451022 0.15459481054333002 0.11 || 1 || 1439
1.1962480645445948 0.3820484653285863 0.43465143036988235 0.1283146295281993 0.16750853046520855 0.11 || 1 || 1441
1.1962480645445948 0.3820484653285863 0.43465143036988235 0.1283146295281993 0.16750853046520855 0.11 || 1 || 1443
1.1962480645445948 0.3820484653285863 0.43465143036988235 0.1283146295281993 0.16750853046520855 0.11 || 1 || 1444
0.9223288508346756 1.2406320582666681 0.4434951435436893 0.1457601906669363 0.1052838189012877 0.11 || 1 || 1446