37.2931397667659 5.480653590261074 4.011016059564785 1.3321343715169902 0.3183254168604429 0.11 || 1 || 2
6.863833227100974 0.9813735304774317 0.4595571927032844 0.297999991588996 0.22631852989896498 0.11 || 1 || 3
6.863833227100974 0.9813735304774317 0.4595571927032844 0.297999991588996 0.22631852989896498 0.11 || 1 || 5
6.863833227100974 0.9813735304774317 0.4595571927032844 0.297999991588996 0.22631852989896498 0.11 || 1 || 7
10.813193922078316 0.975068648504914 0.30978382610070704 0.20003430116032206 0.18477595071037575 0.11 || 1 || 9
10.813193922078316 0.975068648504914 0.30978382610070704 0.20003430116032206 0.18477595071037575 0.11 || 1 || 11
6.743987935929772 1.0526248717101756 0.22264647850665936 0.18035398385436407 0.1210444639280368 0.11 || 1 || 12
6.743987935929772 1.0526248717101756 0.22264647850665936 0.18035398385436407 0.1210444639280368 0.11 || 1 || 14
6.743987935929772 1.0526248717101756 0.22264647850665936 0.18035398385436407 0.1210444639280368 0.11 || 1 || 16
2.1017848717719745 0.5498753969524658 0.2216801391253095 0.20381074720339135 0.1342772180683797 0.11 || 1 || 18
2.1017848717719745 0.5498753969524658 0.2216801391253095 0.20381074720339135 0.1342772180683797 0.11 || 1 || 20
0.9266250225722058 0.2616686712293429 0.15787813091273467 0.1956695901462186 0.11838957299610933 0.11 || 1 || 21
0.9266250225722058 0.2616686712293429 0.15787813091273467 0.1956695901462186 0.11838957299610933 0.11 || 1 || 23
0.9266250225722058 0.2616686712293429 0.15787813091273467 0.1956695901462186 0.11838957299610933 0.11 || 1 || 25
1.5030610505169344 0.5279118526615328 0.3434770856191116 0.19217254800844927 0.10009177199729809 0.11 || 1 || 27
1.5030610505169344 0.5279118526615328 0.3434770856191116 0.19217254800844927 0.10009177199729809 0.11 || 1 || 29
1.9014309268787035 0.4998061221413852 0.3590818472746758 0.3011205786630838 0.09857381924375958 0.11 || 1 || 30
1.9014309268787035 0.4998061221413852 0.3590818472746758 0.3011205786630838 0.09857381924375958 0.11 || 1 || 32
1.9014309268787035 0.4998061221413852 0.3590818472746758 0.3011205786630838 0.09857381924375958 0.11 || 1 || 34
1.5675102662399805 0.49722121849888423 0.2457305999966469 0.2751758804661519 0.12094250385669075 0.11 || 1 || 36
1.5675102662399805 0.49722121849888423 0.2457305999966469 0.2751758804661519 0.12094250385669075 0.11 || 1 || 37
1.466166519301936 0.7602343080294462 0.34796046956850435 0.2250720612039802 0.11704783827511347 0.11 || 1 || 39
1.466166519301936 0.7602343080294462 0.34796046956850435 0.2250720612039802 0.11704783827511347 0.11 || 1 || 41
1.466166519301936 0.7602343080294462 0.34796046956850435 0.2250720612039802 0.11704783827511347 0.1 || 1 || 43
1.417011616144502 1.0660943536817233 0.7793026618746235 0.2317887986421456 0.11511460697781198 0.1 || 1 || 45
1.417011616144502 1.0660943536817233 0.7793026618746235 0.2317887986421456 0.11511460697781198 0.1 || 1 || 47
1.545865906449385 0.7097209220284971 0.8580306565976925 0.20255182003076655 0.11063904946380268 0.1 || 1 || 49
1.545865906449385 0.7097209220284971 0.8580306565976925 0.20255182003076655 0.11063904946380268 0.1 || 1 || 51
1.545865906449385 0.7097209220284971 0.8580306565976925 0.20255182003076655 0.11063904946380268 0.1 || 1 || 53
1.1815024431977117 0.3649892369764008 0.338643338018658 0.3143929608516878 0.12751997017602343 0.1 || 1 || 55
1.1815024431977117 0.3649892369764008 0.338643338018658 0.3143929608516878 0.12751997017602343 0.1 || 1 || 57
2.446364509582655 0.25112250538997594 0.46616525698621863 0.2921298057428952 0.11818468787270703 0.1 || 1 || 59
2.446364509582655 0.25112250538997594 0.46616525698621863 0.2921298057428952 0.11818468787270703 0.1 || 1 || 61
2.446364509582655 0.25112250538997594 0.46616525698621863 0.2921298057428952 0.11818468787270703 0.1 || 1 || 63
4.760084175392192 0.3880725900969333 0.4981825884314 0.24518273021518397 0.15078158091178137 0.1 || 1 || 65
4.760084175392192 0.3880725900969333 0.4981825884314 0.24518273021518397 0.15078158091178137 0.1 || 1 || 67
5.199561477408285 0.6077247168415651 0.6688395157969839 0.290250141571512 0.18465034421159857 0.09000000000000001 || 1 || 69
5.199561477408285 0.6077247168415651 0.6688395157969839 0.290250141571512 0.18465034421159857 0.09000000000000001 || 1 || 71
5.199561477408285 0.6077247168415651 0.6688395157969839 0.290250141571512 0.18465034421159857 0.09000000000000001 || 1 || 73
2.3427455577128034 0.5356066654568824 0.6276437556113519 0.3040078686090391 0.16253434210644327 0.09000000000000001 || 1 || 75
2.3427455577128034 0.5356066654568824 0.6276437556113519 0.3040078686090391 0.16253434210644327 0.09000000000000001 || 1 || 77
1.7871275336567212 0.6989555610544502 0.36582071708739705 0.28610098855126675 0.11005824560887052 0.09000000000000001 || 1 || 80
1.7871275336567212 0.6989555610544502 0.36582071708739705 0.28610098855126675 0.11005824560887052 0.09000000000000001 || 1 || 82
1.7871275336567212 0.6989555610544502 0.36582071708739705 0.28610098855126675 0.11005824560887052 0.09000000000000001 || 1 || 84
3.1119210772712416 0.8460806220556543 0.42063971371811487 0.29518969937592654 0.1302844936589607 0.09000000000000001 || 1 || 86
3.1119210772712416 0.8460806220556543 0.42063971371811487 0.29518969937592654 0.1302844936589607 0.09000000000000001 || 1 || 88
4.948597265414292 0.4198667692933096 0.5698400179988623 0.26438367016649195 0.16459375491118738 0.09000000000000001 || 1 || 91
4.948597265414292 0.4198667692933096 0.5698400179988623 0.26438367016649195 0.16459375491118738 0.09000000000000001 || 1 || 93
4.948597265414292 0.4198667692933096 0.5698400179988623 0.26438367016649195 0.16459375491118738 0.08000000000000002 || 1 || 95
7.72552988259488 1.0882591435530502 0.7458608842264631 0.3068992019490187 0.16244194408741638 0.08000000000000002 || 1 || 98
7.72552988259488 1.0882591435530502 0.7458608842264631 0.3068992019490187 0.16244194408741638 0.08000000000000002 || 1 || 100
3.1878619774226418 1.352502689232365 0.5794067094213227 0.2894832593804473 0.12017701379755608 0.08000000000000002 || 1 || 102
3.1878619774226418 1.352502689232365 0.5794067094213227 0.2894832593804473 0.12017701379755608 0.08000000000000002 || 1 || 105
3.1878619774226418 1.352502689232365 0.5794067094213227 0.2894832593804473 0.12017701379755608 0.07000000000000002 || 1 || 108
1.353726178874417 0.8932506916821153 0.37078363334584274 0.20670673815655155 0.07854152259596343 0.07000000000000002 || 1 || 110
1.353726178874417 0.8932506916821153 0.37078363334584274 0.20670673815655155 0.07854152259596343 0.07000000000000002 || 1 || 113
1.455087013811281 0.7351976500079496 0.30941430911632806 0.1987908320331036 0.09322849770264431 0.07000000000000002 || 1 || 116
1.455087013811281 0.7351976500079496 0.30941430911632806 0.1987908320331036 0.09322849770264431 0.07000000000000002 || 1 || 119
1.455087013811281 0.7351976500079496 0.30941430911632806 0.1987908320331036 0.09322849770264431 0.07000000000000002 || 1 || 122
2.6451166156480244 1.1236424280582418 0.23277154895857116 0.26892125506827536 0.12042891150536456 0.07000000000000002 || 1 || 124
2.6451166156480244 1.1236424280582418 0.23277154895857116 0.26892125506827536 0.12042891150536456 0.07000000000000002 || 1 || 127
1.0529630393231435 0.9364728671198146 0.5342189291049876 0.3630693428963756 0.12548014754534204 0.07000000000000002 || 1 || 130
1.0529630393231435 0.9364728671198146 0.5342189291049876 0.3630693428963756 0.12548014754534204 0.08000000000000002 || 1 || 133
1.0529630393231435 0.9364728671198146 0.5342189291049876 0.3630693428963756 0.12548014754534204 0.08000000000000002 || 1 || 135
0.46099186457639735 1.1214462603874018 0.6106492942032359 0.4029840799237314 0.12198607726463745 0.08000000000000002 || 1 || 137
0.46099186457639735 1.1214462603874018 0.6106492942032359 0.4029840799237314 0.12198607726463745 0.08000000000000002 || 1 || 140
0.9226088143994274 0.9066799286637214 0.426836247198793 0.1930249478917637 0.1231032986293637 0.08000000000000002 || 1 || 142
0.9226088143994274 0.9066799286637214 0.426836247198793 0.1930249478917637 0.1231032986293637 0.08000000000000002 || 1 || 145
0.9226088143994274 0.9066799286637214 0.426836247198793 0.1930249478917637 0.1231032986293637 0.08000000000000002 || 1 || 147
1.59585729917312 0.8902954818889243 0.9457601964259253 0.0790125263843636 0.15656262716561492 0.08000000000000002 || 1 || 150
1.59585729917312 0.8902954818889243 0.9457601964259253 0.0790125263843636 0.15656262716561492 0.08000000000000002 || 1 || 152
2.197403204335367 0.9230193305681598 0.939540274267618 0.0939224773749205 0.14404626524658248 0.08000000000000002 || 1 || 155
2.197403204335367 0.9230193305681598 0.939540274267618 0.0939224773749205 0.14404626524658248 0.08000000000000002 || 1 || 157
2.197403204335367 0.9230193305681598 0.939540274267618 0.0939224773749205 0.14404626524658248 0.08000000000000002 || 1 || 160
2.2878276063669962 0.7081178652663975 0.5399515310554214 0.20183985252710893 0.1003244284992212 0.08000000000000002 || 1 || 162
2.2878276063669962 0.7081178652663975 0.5399515310554214 0.20183985252710893 0.1003244284992212 0.08000000000000002 || 1 || 165
2.0093867175279865 0.5889676646622382 0.5784438579004214 0.3819291528151476 0.12968864998463037 0.08000000000000002 || 1 || 167
2.0093867175279865 0.5889676646622382 0.5784438579004214 0.3819291528151476 0.12968864998463037 0.08000000000000002 || 1 || 170
2.0093867175279865 0.5889676646622382 0.5784438579004214 0.3819291528151476 0.12968864998463037 0.08000000000000002 || 1 || 172
1.5085132961968977 0.4156851848110985 0.49979351256949645 0.48954125634593904 0.12486216144561879 0.08000000000000002 || 1 || 174
1.5085132961968977 0.4156851848110985 0.49979351256949645 0.48954125634593904 0.12486216144561879 0.08000000000000002 || 1 || 177
0.4432760035162297 0.5434337911021999 0.5418664866147381 0.2801058949390118 0.12043701772789635 0.08000000000000002 || 1 || 179
0.4432760035162297 0.5434337911021999 0.5418664866147381 0.2801058949390118 0.12043701772789635 0.08000000000000002 || 1 || 182
0.4432760035162297 0.5434337911021999 0.5418664866147381 0.2801058949390118 0.12043701772789635 0.08000000000000002 || 1 || 184
0.7072054037583964 0.7461954252717651 0.35420662521686197 0.1673523185299372 0.12823412497061845 0.08000000000000002 || 1 || 187
0.7072054037583964 0.7461954252717651 0.35420662521686197 0.1673523185299372 0.12823412497061845 0.08000000000000002 || 1 || 189
2.8335256707482697 0.6929259447866944 0.5375978650851168 0.1807526834769723 0.15993422945971972 0.08000000000000002 || 1 || 192
2.8335256707482697 0.6929259447866944 0.5375978650851168 0.1807526834769723 0.15993422945971972 0.08000000000000002 || 1 || 194
2.8335256707482697 0.6929259447866944 0.5375978650851168 0.1807526834769723 0.15993422945971972 0.08000000000000002 || 1 || 197
3.665140516640872 0.6786793899880251 0.3452980197501621 0.13788263495525752 0.16976592600131357 0.08000000000000002 || 1 || 199
3.665140516640872 0.6786793899880251 0.3452980197501621 0.13788263495525752 0.16976592600131357 0.08000000000000002 || 1 || 202
2.5845682600926523 0.6046186184180757 0.2914938432421135 0.1930833187061907 0.13110408871784854 0.08000000000000002 || 1 || 204
2.5845682600926523 0.6046186184180757 0.2914938432421135 0.1930833187061907 0.13110408871784854 0.08000000000000002 || 1 || 207
2.5845682600926523 0.6046186184180757 0.2914938432421135 0.1930833187061907 0.13110408871784854 0.08000000000000002 || 1 || 209
5.70942032115754 0.7182727740854271 0.42394969704028057 0.3111275331401561 0.12366055440991452 0.08000000000000002 || 1 || 211
5.70942032115754 0.7182727740854271 0.42394969704028057 0.3111275331401561 0.12366055440991452 0.08000000000000002 || 1 || 214
2.9352242946674503 0.6450275205067726 0.3927232450595351 0.34018013086395765 0.13203693882007989 0.08000000000000002 || 1 || 216
2.9352242946674503 0.6450275205067726 0.3927232450595351 0.34018013086395765 0.13203693882007989 0.08000000000000002 || 1 || 219
2.9352242946674503 0.6450275205067726 0.3927232450595351 0.34018013086395765 0.13203693882007989 0.08000000000000002 || 1 || 221
1.9017291018234248 0.7868441701645387 0.6263895563797469 0.35606407751452307 0.11459742223899595 0.08000000000000002 || 1 || 224
1.9017291018234248 0.7868441701645387 0.6263895563797469 0.35606407751452307 0.11459742223899595 0.08000000000000002 || 1 || 226
2.279467718017313 1.377936730787975 0.7042712715260502 0.20337714777232535 0.11108637257747304 0.08000000000000002 || 1 || 229
2.279467718017313 1.377936730787975 0.7042712715260502 0.20337714777232535 0.11108637257747304 0.08000000000000002 || 1 || 231
2.279467718017313 1.377936730787975 0.7042712715260502 0.20337714777232535 0.11108637257747304 0.08000000000000002 || 1 || 234
2.577870331977759 1.2009999851193431 0.3183718098231979 0.11793514302249032 0.11354113208057964 0.08000000000000002 || 1 || 236
2.577870331977759 1.2009999851193431 0.3183718098231979 0.11793514302249032 0.11354113208057964 0.08000000000000002 || 1 || 239
0.76274831953516 0.8361969473701384 0.279147896970963 0.16149596816399805 0.09569549846855413 0.08000000000000002 || 1 || 241
0.76274831953516 0.8361969473701384 0.279147896970963 0.16149596816399805 0.09569549846855413 0.08000000000000002 || 1 || 244
0.76274831953516 0.8361969473701384 0.279147896970963 0.16149596816399805 0.09569549846855413 0.08000000000000002 || 1 || 246
1.4049336573775604 0.9687812712590469 0.6100973326960408 0.3063718179715251 0.12432386145895552 0.08000000000000002 || 1 || 249
1.4049336573775604 0.9687812712590469 0.6100973326960408 0.3063718179715251 0.12432386145895552 0.08000000000000002 || 1 || 251
5.121555232784932 1.379910751098585 0.5849712031168216 0.20825690973790828 0.08677699281731477 0.08000000000000002 || 1 || 253
5.121555232784932 1.379910751098585 0.5849712031168216 0.20825690973790828 0.08677699281731477 0.08000000000000002 || 1 || 256
5.121555232784932 1.379910751098585 0.5849712031168216 0.20825690973790828 0.08677699281731477 0.08000000000000002 || 1 || 258
3.534839116407463 1.3950879197449773 0.5706842845240474 0.1692265992128298 0.06608809127496484 0.08000000000000002 || 1 || 261
3.534839116407463 1.3950879197449773 0.5706842845240474 0.1692265992128298 0.06608809127496484 0.08000000000000002 || 1 || 263
1.8877785080871696 1.560730166226761 0.30685261474392056 0.32027693442910704 0.09390475201926206 0.08000000000000002 || 1 || 266
1.8877785080871696 1.560730166226761 0.30685261474392056 0.32027693442910704 0.09390475201926206 0.08000000000000002 || 1 || 268
1.8877785080871696 1.560730166226761 0.30685261474392056 0.32027693442910704 0.09390475201926206 0.08000000000000002 || 1 || 271
1.8505294913503039 1.5500945900963992 0.2740852330898293 0.31107048942976634 0.13787527563592775 0.08000000000000002 || 1 || 273
1.8505294913503039 1.5500945900963992 0.2740852330898293 0.31107048942976634 0.13787527563592775 0.08000000000000002 || 1 || 276
2.2729205745263266 1.5327332616589553 0.4961211736096176 0.28541666684292993 0.16052109263975906 0.08000000000000002 || 1 || 278
2.2729205745263266 1.5327332616589553 0.4961211736096176 0.28541666684292993 0.16052109263975906 0.08000000000000002 || 1 || 281
2.2729205745263266 1.5327332616589553 0.4961211736096176 0.28541666684292993 0.16052109263975906 0.08000000000000002 || 1 || 283
3.338336181261113 2.9976865644195163 0.4268745577688231 0.40657453824589995 0.15544686870574118 0.08000000000000002 || 1 || 286
3.338336181261113 2.9976865644195163 0.4268745577688231 0.40657453824589995 0.15544686870574118 0.08000000000000002 || 1 || 288
1.807692166938172 2.132572582065904 0.5093113476289397 0.3874172950501604 0.13571337906569067 0.08000000000000002 || 1 || 290
1.807692166938172 2.132572582065904 0.5093113476289397 0.3874172950501604 0.13571337906569067 0.08000000000000002 || 1 || 293
1.807692166938172 2.132572582065904 0.5093113476289397 0.3874172950501604 0.13571337906569067 0.08000000000000002 || 1 || 295
0.9389784820514713 0.966736896876419 0.6193458077245297 0.17719968501860617 0.09894678608648895 0.08000000000000002 || 1 || 298
0.9389784820514713 0.966736896876419 0.6193458077245297 0.17719968501860617 0.09894678608648895 0.08000000000000002 || 1 || 300
1.2542160228189367 1.4515676087014642 0.28436785035527923 0.23297600315916495 0.14125284793261805 0.08000000000000002 || 1 || 303
1.2542160228189367 1.4515676087014642 0.28436785035527923 0.23297600315916495 0.14125284793261805 0.08000000000000002 || 1 || 305
1.2542160228189367 1.4515676087014642 0.28436785035527923 0.23297600315916495 0.14125284793261805 0.08000000000000002 || 1 || 308
2.6587030853413407 1.119850129068484 0.7286928162152249 0.2533897069943418 0.15806847474027855 0.08000000000000002 || 1 || 310
2.6587030853413407 1.119850129068484 0.7286928162152249 0.2533897069943418 0.15806847474027855 0.08000000000000002 || 1 || 313
9.0184361813071 1.448644560774951 0.7960817738950633 0.19998963940030487 0.14239390721614126 0.08000000000000002 || 1 || 315
9.0184361813071 1.448644560774951 0.7960817738950633 0.19998963940030487 0.14239390721614126 0.08000000000000002 || 1 || 318
9.0184361813071 1.448644560774951 0.7960817738950633 0.19998963940030487 0.14239390721614126 0.08000000000000002 || 1 || 320
6.2953294619908 1.2721751189350579 0.6195675934651966 0.1387488327485126 0.14375809089014385 0.08000000000000002 || 1 || 323
6.2953294619908 1.2721751189350579 0.6195675934651966 0.1387488327485126 0.14375809089014385 0.08000000000000002 || 1 || 325
1.9482113702297097 0.31243451401802563 0.4830952187365323 0.18500935328145035 0.13880996687053343 0.08000000000000002 || 1 || 327
1.9482113702297097 0.31243451401802563 0.4830952187365323 0.18500935328145035 0.13880996687053343 0.08000000000000002 || 1 || 330
1.9482113702297097 0.31243451401802563 0.4830952187365323 0.18500935328145035 0.13880996687053343 0.08000000000000002 || 1 || 332
0.6109645211203707 0.48389225153341453 0.7508865117866177 0.22500864204919005 0.1548086917251769 0.08000000000000002 || 1 || 335
0.6109645211203707 0.48389225153341453 0.7508865117866177 0.22500864204919005 0.1548086917251769 0.08000000000000002 || 1 || 337
0.6048466340716279 1.6983923077389549 0.49065133939411965 0.2858947977905683 0.11856474885668958 0.08000000000000002 || 1 || 340
0.6048466340716279 1.6983923077389549 0.49065133939411965 0.2858947977905683 0.11856474885668958 0.08000000000000002 || 1 || 342
0.6048466340716279 1.6983923077389549 0.49065133939411965 0.2858947977905683 0.11856474885668958 0.08000000000000002 || 1 || 345
2.442378901665455 2.275122176176085 0.21879823413098196 0.26368964243004855 0.11505784529609975 0.08000000000000002 || 1 || 347
2.442378901665455 2.275122176176085 0.21879823413098196 0.26368964243004855 0.11505784529609975 0.08000000000000002 || 1 || 350
4.020669144045519 1.1126069308039592 0.3688854001446852 0.2664472884826348 0.1523755579390839 0.08000000000000002 || 1 || 352
4.020669144045519 1.1126069308039592 0.3688854001446852 0.2664472884826348 0.1523755579390839 0.08000000000000002 || 1 || 355
4.020669144045519 1.1126069308039592 0.3688854001446852 0.2664472884826348 0.1523755579390839 0.08000000000000002 || 1 || 357
2.1071088296776113 0.4166307576330703 0.288574038214353 0.1940066431306752 0.11630517186380701 0.08000000000000002 || 1 || 360
2.1071088296776113 0.4166307576330703 0.288574038214353 0.1940066431306752 0.11630517186380701 0.08000000000000002 || 1 || 362
1.8175553207462205 0.5984395723624597 0.23609735730426135 0.17311839869100795 0.11831547697247467 0.08000000000000002 || 1 || 364
1.8175553207462205 0.5984395723624597 0.23609735730426135 0.17311839869100795 0.11831547697247467 0.08000000000000002 || 1 || 367
1.8175553207462205 0.5984395723624597 0.23609735730426135 0.17311839869100795 0.11831547697247467 0.08000000000000002 || 1 || 369
1.9086528749342224 1.3138409429591213 0.17210990140460986 0.2080191851640071 0.13316725523306228 0.08000000000000002 || 1 || 372
1.9086528749342224 1.3138409429591213 0.17210990140460986 0.2080191851640071 0.13316725523306228 0.08000000000000002 || 1 || 374
1.3313668319878447 1.5311416565662963 0.30345143947787345 0.2505432434645966 0.12794633141404974 0.08000000000000002 || 1 || 377
1.3313668319878447 1.5311416565662963 0.30345143947787345 0.2505432434645966 0.12794633141404974 0.08000000000000002 || 1 || 379
1.3313668319878447 1.5311416565662963 0.30345143947787345 0.2505432434645966 0.12794633141404974 0.08000000000000002 || 1 || 382
1.5553826330130684 0.9674419501981143 0.5208403498294575 0.21970154918481963 0.108217234366148 0.08000000000000002 || 1 || 384
1.5553826330130684 0.9674419501981143 0.5208403498294575 0.21970154918481963 0.108217234366148 0.08000000000000002 || 1 || 387
0.7167668910946149 0.6570833650139704 0.6441826124356097 0.2720225188608 0.10641889002550771 0.08000000000000002 || 1 || 389
0.7167668910946149 0.6570833650139704 0.6441826124356097 0.2720225188608 0.10641889002550771 0.08000000000000002 || 1 || 392
0.7167668910946149 0.6570833650139704 0.6441826124356097 0.2720225188608 0.10641889002550771 0.08000000000000002 || 1 || 394
0.8580262060070658 0.5810827838841006 0.4550993250347191 0.30338323202939355 0.11515978656189867 0.08000000000000002 || 1 || 397
0.8580262060070658 0.5810827838841006 0.4550993250347191 0.30338323202939355 0.11515978656189867 0.08000000000000002 || 1 || 399
2.239904248467811 1.1739789489961157 0.5198530636634846 0.257184910524598 0.10852444120361342 0.08000000000000002 || 1 || 402
2.239904248467811 1.1739789489961157 0.5198530636634846 0.257184910524598 0.10852444120361342 0.08000000000000002 || 1 || 404
2.239904248467811 1.1739789489961157 0.5198530636634846 0.257184910524598 0.10852444120361342 0.08000000000000002 || 1 || 406
1.9788968796535065 1.4412777537802806 0.6226318787512752 0.1492776349334041 0.10826998035495669 0.08000000000000002 || 1 || 409
1.9788968796535065 1.4412777537802806 0.6226318787512752 0.1492776349334041 0.10826998035495669 0.08000000000000002 || 1 || 411
2.168584349597258 1.1906698442111465 0.29958473201831176 0.1454636636478322 0.13485289331084513 0.08000000000000002 || 1 || 414
2.168584349597258 1.1906698442111465 0.29958473201831176 0.1454636636478322 0.13485289331084513 0.08000000000000002 || 1 || 416
2.168584349597258 1.1906698442111465 0.29958473201831176 0.1454636636478322 0.13485289331084513 0.08000000000000002 || 1 || 419
3.9597362609903026 2.430683706195478 0.4973741260519231 0.16439671249125634 0.11037576669225498 0.08000000000000002 || 1 || 421
3.9597362609903026 2.430683706195478 0.4973741260519231 0.16439671249125634 0.11037576669225498 0.08000000000000002 || 1 || 424
3.4623748082053156 3.032964082443742 0.7190523139050734 0.19071023117204733 0.09059459962698296 0.08000000000000002 || 1 || 426
3.4623748082053156 3.032964082443742 0.7190523139050734 0.19071023117204733 0.09059459962698296 0.08000000000000002 || 1 || 429
3.4623748082053156 3.032964082443742 0.7190523139050734 0.19071023117204733 0.09059459962698296 0.08000000000000002 || 1 || 431
1.4940368690059107 2.2279594184597418 0.7946657385071686 0.2524040402758126 0.11999368692890615 0.08000000000000002 || 1 || 434
1.4940368690059107 2.2279594184597418 0.7946657385071686 0.2524040402758126 0.11999368692890615 0.08000000000000002 || 1 || 436
1.0332200296849252 1.5441507571518491 0.3628916981049998 0.274237725413304 0.1372241112850963 0.08000000000000002 || 1 || 439
1.0332200296849252 1.5441507571518491 0.3628916981049998 0.274237725413304 0.1372241112850963 0.08000000000000002 || 1 || 441
1.0332200296849252 1.5441507571518491 0.3628916981049998 0.274237725413304 0.1372241112850963 0.08000000000000002 || 1 || 443
0.9757468025999102 0.43963168297489125 0.4236708534127759 0.26714459707616733 0.13291138644991848 0.08000000000000002 || 1 || 446
0.9757468025999102 0.43963168297489125 0.4236708534127759 0.26714459707616733 0.13291138644991848 0.08000000000000002 || 1 || 448
1.6637458984402222 0.3226059277251306 0.4050366936347048 0.2689406300246894 0.07955444737952717 0.08000000000000002 || 1 || 451
1.6637458984402222 0.3226059277251306 0.4050366936347048 0.2689406300246894 0.07955444737952717 0.08000000000000002 || 1 || 453
1.6637458984402222 0.3226059277251306 0.4050366936347048 0.2689406300246894 0.07955444737952717 0.08000000000000002 || 1 || 456
1.9157101363591376 0.7652429385603973 0.5403213170088945 0.17576060717427663 0.09706255468205237 0.08000000000000002 || 1 || 458
1.9157101363591376 0.7652429385603973 0.5403213170088945 0.17576060717427663 0.09706255468205237 0.08000000000000002 || 1 || 461
0.7720365975470913 0.8135427143925719 0.6224125731994729 0.2499933934982708 0.14356848179342419 0.08000000000000002 || 1 || 463
0.7720365975470913 0.8135427143925719 0.6224125731994729 0.2499933934982708 0.14356848179342419 0.08000000000000002 || 1 || 466
0.7720365975470913 0.8135427143925719 0.6224125731994729 0.2499933934982708 0.14356848179342419 0.08000000000000002 || 1 || 468
0.6666857922644902 0.47062514218520046 0.2434497426444586 0.24232131811634897 0.10804302550036556 0.08000000000000002 || 1 || 471
0.6666857922644902 0.47062514218520046 0.2434497426444586 0.24232131811634897 0.10804302550036556 0.08000000000000002 || 1 || 473
1.2920810913336391 0.8156217180689711 0.32735709173780597 0.18261152211449003 0.11075303768933964 0.08000000000000002 || 1 || 475
1.2920810913336391 0.8156217180689711 0.32735709173780597 0.18261152211449003 0.11075303768933964 0.08000000000000002 || 1 || 478
1.2920810913336391 0.8156217180689711 0.32735709173780597 0.18261152211449003 0.11075303768933964 0.08000000000000002 || 1 || 480
1.7629110845284535 1.1167564395612855 0.9801751440484099 0.1465085917967203 0.10544324178425961 0.08000000000000002 || 1 || 483
1.7629110845284535 1.1167564395612855 0.9801751440484099 0.1465085917967203 0.10544324178425961 0.08000000000000002 || 1 || 485
1.9968691845593378 1.8442823024978248 1.3128731596012457 0.16892996482814882 0.10832287162041972 0.08000000000000002 || 1 || 488
1.9968691845593378 1.8442823024978248 1.3128731596012457 0.16892996482814882 0.10832287162041972 0.08000000000000002 || 1 || 490
1.9968691845593378 1.8442823024978248 1.3128731596012457 0.16892996482814882 0.10832287162041972 0.08000000000000002 || 1 || 493
2.2556837207682805 1.698581675473768 0.7448968268149176 0.1998410663161947 0.1493809865832159 0.08000000000000002 || 1 || 495
2.2556837207682805 1.698581675473768 0.7448968268149176 0.1998410663161947 0.1493809865832159 0.08000000000000002 || 1 || 498
1.8826904636366253 1.0333698084041525 0.3691283699710697 0.3768991868678314 0.13890876588843012 0.08000000000000002 || 1 || 500
1.8826904636366253 1.0333698084041525 0.3691283699710697 0.3768991868678314 0.13890876588843012 0.08000000000000002 || 1 || 503
1.8826904636366253 1.0333698084041525 0.3691283699710697 0.3768991868678314 0.13890876588843012 0.08000000000000002 || 1 || 505
1.8675546672101575 0.4318017111084582 0.418785508574738 0.4500090128524515 0.12200017440872035 0.08000000000000002 || 1 || 508
1.8675546672101575 0.4318017111084582 0.418785508574738 0.4500090128524515 0.12200017440872035 0.08000000000000002 || 1 || 510
1.4983808211388185 0.4270854720213179 0.3848124351203053 0.4088615342379908 0.08896759258038214 0.08000000000000002 || 1 || 513
1.4983808211388185 0.4270854720213179 0.3848124351203053 0.4088615342379908 0.08896759258038214 0.08000000000000002 || 0 || 515
1.4983808211388185 0.4270854720213179 0.3848124351203053 0.4088615342379908 0.08896759258038214 0.08000000000000002 || 0 || 517
1.4250137555419693 0.7110773136088279 0.5724627809088284 0.3538786961386656 0.07964270608762465 0.08000000000000002 || 0 || 520
1.4250137555419693 0.7110773136088279 0.5724627809088284 0.3538786961386656 0.07964270608762465 0.08000000000000002 || 0 || 522
1.700812936280523 1.0978053032507669 1.2135868759841262 0.2674945006994406 0.10608261195661861 0.08000000000000002 || 0 || 525
1.700812936280523 1.0978053032507669 1.2135868759841262 0.2674945006994406 0.10608261195661861 0.08000000000000002 || 0 || 527
1.700812936280523 1.0978053032507669 1.2135868759841262 0.2674945006994406 0.10608261195661861 0.08000000000000002 || 0 || 530
1.2613592946537804 1.0896707002811827 1.1954505173980137 0.2482704978551104 0.13224566843854849 0.08000000000000002 || 0 || 532
1.2613592946537804 1.0896707002811827 1.1954505173980137 0.2482704978551104 0.13224566843854849 0.08000000000000002 || 0 || 535
1.1346642480834066 0.9852916785929096 0.42368654679474266 0.2642142638612808 0.14747779920462045 0.08000000000000002 || 0 || 537
1.1346642480834066 0.9852916785929096 0.42368654679474266 0.2642142638612808 0.14747779920462045 0.08000000000000002 || 0 || 540
1.1346642480834066 0.9852916785929096 0.42368654679474266 0.2642142638612808 0.14747779920462045 0.08000000000000002 || 0 || 542
1.1178350310333582 1.1311262491397875 0.5633557518554658 0.2892627639727287 0.15966563670375197 0.08000000000000002 || 0 || 545
1.1178350310333582 1.1311262491397875 0.5633557518554658 0.2892627639727287 0.15966563670375197 0.08000000000000002 || 0 || 547
1.3509413726670916 1.6013486046145873 0.5467860226495966 0.169788279831976 0.12007318364761121 0.08000000000000002 || 0 || 550
1.3509413726670916 1.6013486046145873 0.5467860226495966 0.169788279831976 0.12007318364761121 0.08000000000000002 || 0 || 552
1.3509413726670916 1.6013486046145873 0.5467860226495966 0.169788279831976 0.12007318364761121 0.08000000000000002 || 0 || 554
2.503506946747953 2.0086155905435303 1.0121281331340248 0.22814783195542299 0.07326783720712873 0.08000000000000002 || 0 || 557
2.503506946747953 2.0086155905435303 1.0121281331340248 0.22814783195542299 0.07326783720712873 0.08000000000000002 || 0 || 559
2.4819495687547533 1.049457190076384 0.7898465319277133 0.3338256652573166 0.07027233018077388 0.08000000000000002 || 0 || 562
2.4819495687547533 1.049457190076384 0.7898465319277133 0.3338256652573166 0.07027233018077388 0.08000000000000002 || 0 || 564
2.4819495687547533 1.049457190076384 0.7898465319277133 0.3338256652573166 0.07027233018077388 0.08000000000000002 || 0 || 567
3.0806464930955295 0.7469071503766171 0.4038537644372559 0.19772698154511964 0.07777791396883882 0.08000000000000002 || 0 || 569
3.0806464930955295 0.7469071503766171 0.4038537644372559 0.19772698154511964 0.07777791396883882 0.08000000000000002 || 0 || 572
3.176445044605766 0.4075353698755159 0.43398244919074125 0.13601217650807917 0.08516499307843875 0.08000000000000002 || 0 || 574
3.176445044605766 0.4075353698755159 0.43398244919074125 0.13601217650807917 0.08516499307843875 0.08000000000000002 || 0 || 577
3.176445044605766 0.4075353698755159 0.43398244919074125 0.13601217650807917 0.08516499307843875 0.08000000000000002 || 0 || 579
1.9651659905293133 0.47062060951933543 0.4447522033368761 0.24443231950072467 0.10961711849431412 0.08000000000000002 || 0 || 582
1.9651659905293133 0.47062060951933543 0.4447522033368761 0.24443231950072467 0.10961711849431412 0.08000000000000002 || 0 || 584
3.5333042057642796 1.0626021770198204 0.3752270806253237 0.40182903206113724 0.09645073754241446 0.08000000000000002 || 0 || 587
3.5333042057642796 1.0626021770198204 0.3752270806253237 0.40182903206113724 0.09645073754241446 0.08000000000000002 || 0 || 589
3.5333042057642796 1.0626021770198204 0.3752270806253237 0.40182903206113724 0.09645073754241446 0.08000000000000002 || 0 || 591
2.4368131760811758 0.8928554057129391 0.6895105789825069 0.4703466355008389 0.11229125716613209 0.08000000000000002 || 0 || 594
2.4368131760811758 0.8928554057129391 0.6895105789825069 0.4703466355008389 0.11229125716613209 0.08000000000000002 || 0 || 596
0.9028833436215495 1.191299517715284 0.3574233907583101 0.2701513162697085 0.12257184786012 0.08000000000000002 || 0 || 599
0.9028833436215495 1.191299517715284 0.3574233907583101 0.2701513162697085 0.12257184786012 0.08000000000000002 || 0 || 601
0.9028833436215495 1.191299517715284 0.3574233907583101 0.2701513162697085 0.12257184786012 0.08000000000000002 || 0 || 604
1.821243357880019 1.3380433912041665 0.24063532365490584 0.17893495925988862 0.13757357421462268 0.08000000000000002 || 0 || 606
1.821243357880019 1.3380433912041665 0.24063532365490584 0.17893495925988862 0.13757357421462268 0.08000000000000002 || 0 || 609
1.694458917968495 1.5012822729416055 0.3053604156293744 0.1340675559205078 0.1267366960991586 0.08000000000000002 || 0 || 611
1.694458917968495 1.5012822729416055 0.3053604156293744 0.1340675559205078 0.1267366960991586 0.08000000000000002 || 0 || 614
1.694458917968495 1.5012822729416055 0.3053604156293744 0.1340675559205078 0.1267366960991586 0.08000000000000002 || 0 || 616
1.5362753386444956 0.6868488299174592 0.49680299741720824 0.16767652947169068 0.1305698670388827 0.08000000000000002 || 0 || 619
1.5362753386444956 0.6868488299174592 0.49680299741720824 0.16767652947169068 0.1305698670388827 0.08000000000000002 || 0 || 621
1.55469908945384 0.8461467602648416 0.5967925161350428 0.179059164322336 0.14114497506783466 0.08000000000000002 || 0 || 624
1.55469908945384 0.8461467602648416 0.5967925161350428 0.179059164322336 0.14114497506783466 0.08000000000000002 || 0 || 626
1.55469908945384 0.8461467602648416 0.5967925161350428 0.179059164322336 0.14114497506783466 0.08000000000000002 || 0 || 629
1.6637233702661829 1.019255927137854 0.7499695658750885 0.23566073273033775 0.12309200131873066 0.08000000000000002 || 0 || 631
1.6637233702661829 1.019255927137854 0.7499695658750885 0.23566073273033775 0.12309200131873066 0.08000000000000002 || 0 || 633
1.1565193162280423 1.035395543827511 1.0643337039002068 0.3523183264190859 0.14489315808279946 0.08000000000000002 || 0 || 636
1.1565193162280423 1.035395543827511 1.0643337039002068 0.3523183264190859 0.14489315808279946 0.08000000000000002 || 0 || 638
1.1565193162280423 1.035395543827511 1.0643337039002068 0.3523183264190859 0.14489315808279946 0.08000000000000002 || 0 || 641
0.9382994356441405 2.022190143280927 0.7732929114976371 0.22518386135282006 0.11223674742098545 0.08000000000000002 || 0 || 643
0.9382994356441405 2.022190143280927 0.7732929114976371 0.22518386135282006 0.11223674742098545 0.08000000000000002 || 0 || 646
0.8151761889547747 1.077499164201402 0.3822308094593543 0.14769478822436422 0.07104151207344349 0.08000000000000002 || 0 || 648
0.8151761889547747 1.077499164201402 0.3822308094593543 0.14769478822436422 0.07104151207344349 0.08000000000000002 || 0 || 651
0.8151761889547747 1.077499164201402 0.3822308094593543 0.14769478822436422 0.07104151207344349 0.08000000000000002 || 0 || 653
1.8787972727658528 0.5086384767294091 0.3075795795553126 0.19319789964292267 0.09088856161521465 0.08000000000000002 || 0 || 656
1.8787972727658528 0.5086384767294091 0.3075795795553126 0.19319789964292267 0.09088856161521465 0.08000000000000002 || 0 || 658
2.753759982510859 0.7701295007420321 0.2483194290849224 0.21532673409703507 0.14720595730069494 0.08000000000000002 || 0 || 661
2.753759982510859 0.7701295007420321 0.2483194290849224 0.21532673409703507 0.14720595730069494 0.08000000000000002 || 0 || 663
2.726084742257423 0.9566745750015502 0.27782381224837793 0.25507428141309924 0.10331197039232395 0.08000000000000002 || 0 || 666
2.726084742257423 0.9566745750015502 0.27782381224837793 0.25507428141309924 0.10331197039232395 0.08000000000000002 || 0 || 668
2.726084742257423 0.9566745750015502 0.27782381224837793 0.25507428141309924 0.10331197039232395 0.08000000000000002 || 0 || 670
1.9913975295281547 1.677541519617192 0.24229392682393383 0.3047231504242043 0.0943549558340346 0.08000000000000002 || 0 || 673
1.9913975295281547 1.677541519617192 0.24229392682393383 0.3047231504242043 0.0943549558340346 0.08000000000000002 || 0 || 675
2.2385176414223675 3.1415911458640373 0.2641148305946837 0.39093237391715363 0.11019614814138054 0.08000000000000002 || 0 || 678
2.2385176414223675 3.1415911458640373 0.2641148305946837 0.39093237391715363 0.11019614814138054 0.08000000000000002 || 0 || 680
2.2385176414223675 3.1415911458640373 0.2641148305946837 0.39093237391715363 0.11019614814138054 0.08000000000000002 || 0 || 683
2.8358091899000573 1.8996985676256175 0.5730698105629362 0.44903157624264517 0.14726015628489544 0.08000000000000002 || 0 || 685
2.8358091899000573 1.8996985676256175 0.5730698105629362 0.44903157624264517 0.14726015628489544 0.08000000000000002 || 0 || 688
5.6572505383053295 1.3242636024902512 0.750178090591885 0.38027068465194924 0.11571371146938633 0.08000000000000002 || 0 || 690
5.6572505383053295 1.3242636024902512 0.750178090591885 0.38027068465194924 0.11571371146938633 0.08000000000000002 || 0 || 693
5.6572505383053295 1.3242636024902512 0.750178090591885 0.38027068465194924 0.11571371146938633 0.08000000000000002 || 0 || 695
3.6751900795845693 2.1897082482017063 0.6470350451823335 0.40274531674929753 0.12053578212936542 0.08000000000000002 || 0 || 698
3.6751900795845693 2.1897082482017063 0.6470350451823335 0.40274531674929753 0.12053578212936542 0.08000000000000002 || 0 || 700
3.6751900795845693 2.1897082482017063 0.6470350451823335 0.40274531674929753 0.12053578212936542 0.08000000000000002 || 0 || 703
2.397408777190311 1.5842210359737257 0.3817214024593085 0.3887940511972971 0.14198346097663536 0.08000000000000002 || 0 || 705
2.397408777190311 1.5842210359737257 0.3817214024593085 0.3887940511972971 0.14198346097663536 0.08000000000000002 || 0 || 707
1.1129268860799761 1.111418004019558 0.1730409413722055 0.2440817482603551 0.13344170617723072 0.08000000000000002 || 0 || 710
1.1129268860799761 1.111418004019558 0.1730409413722055 0.2440817482603551 0.13344170617723072 0.08000000000000002 || 0 || 712
1.7900664744267252 2.214651326229902 0.1576379744184006 0.23253292006744317 0.1483317043333037 0.08000000000000002 || 0 || 715
1.7900664744267252 2.214651326229902 0.1576379744184006 0.23253292006744317 0.1483317043333037 0.08000000000000002 || 0 || 717
1.7900664744267252 2.214651326229902 0.1576379744184006 0.23253292006744317 0.1483317043333037 0.08000000000000002 || 0 || 720
2.3422753380245322 2.612403095541354 0.05485834392624613 0.26157990755345667 0.1292528170739714 0.08000000000000002 || 0 || 722
2.3422753380245322 2.612403095541354 0.05485834392624613 0.26157990755345667 0.1292528170739714 0.08000000000000002 || 0 || 725
1.7662927467127911 1.9640865641669718 0.08311071081265685 0.2783664330405695 0.09581129706344657 0.08000000000000002 || 0 || 727
1.7662927467127911 1.9640865641669718 0.08311071081265685 0.2783664330405695 0.09581129706344657 0.08000000000000002 || 0 || 730
1.7662927467127911 1.9640865641669718 0.08311071081265685 0.2783664330405695 0.09581129706344657 0.08000000000000002 || 0 || 732
2.1336083823109715 0.8542834359786087 0.19800611379286714 0.21075248944390804 0.09334501109018821 0.08000000000000002 || 0 || 735
2.1336083823109715 0.8542834359786087 0.19800611379286714 0.21075248944390804 0.09334501109018821 0.08000000000000002 || 0 || 737
2.1336083823109715 0.8542834359786087 0.19800611379286714 0.21075248944390804 0.09334501109018821 0.08000000000000002 || 0 || 740
7.232545212790585 0.34349637450945636 0.364884943966094 0.13990066858214653 0.07536223075154314 0.08000000000000002 || 0 || 742
7.232545212790585 0.34349637450945636 0.364884943966094 0.13990066858214653 0.07536223075154314 0.08000000000000002 || 0 || 745
6.278250842025418 0.44677420576988475 0.30554283718938857 0.1476555342640549 0.08189134492076754 0.08000000000000002 || 0 || 747
6.278250842025418 0.44677420576988475 0.30554283718938857 0.1476555342640549 0.08189134492076754 0.08000000000000002 || 0 || 749
6.278250842025418 0.44677420576988475 0.30554283718938857 0.1476555342640549 0.08189134492076754 0.08000000000000002 || 0 || 752
1.8961215673561318 0.8491928562932418 0.2179337737508986 0.26430501764212083 0.09985506458641151 0.08000000000000002 || 0 || 754
1.8961215673561318 0.8491928562932418 0.2179337737508986 0.26430501764212083 0.09985506458641151 0.08000000000000002 || 0 || 757
1.1475246438083815 0.9318675958464424 0.4271892002839768 0.32953397425535086 0.11121403623333392 0.08000000000000002 || 0 || 759
1.1475246438083815 0.9318675958464424 0.4271892002839768 0.32953397425535086 0.11121403623333392 0.08000000000000002 || 0 || 762
1.1475246438083815 0.9318675958464424 0.4271892002839768 0.32953397425535086 0.11121403623333392 0.08000000000000002 || 0 || 764
1.0213946654718018 1.7694729939579998 0.44514814829860794 0.21045397300118562 0.0945960078005742 0.08000000000000002 || 0 || 767
1.0213946654718018 1.7694729939579998 0.44514814829860794 0.21045397300118562 0.0945960078005742 0.08000000000000002 || 0 || 769
1.6667027525095592 2.1493117712655865 0.2668030276484281 0.19311523246127937 0.06065712210004569 0.08000000000000002 || 0 || 772
1.6667027525095592 2.1493117712655865 0.2668030276484281 0.19311523246127937 0.06065712210004569 0.08000000000000002 || 0 || 774
1.5858188139437868 1.163709095867579 0.13796590036123016 0.1455126366769525 0.06561767428348847 0.08000000000000002 || 0 || 777
1.5858188139437868 1.163709095867579 0.13796590036123016 0.1455126366769525 0.06561767428348847 0.08000000000000002 || 0 || 779
1.5858188139437868 1.163709095867579 0.13796590036123016 0.1455126366769525 0.06561767428348847 0.08000000000000002 || 0 || 782
1.7154451190943334 1.3421140323584788 0.4373670381136489 0.21714126962229804 0.12663993964423553 0.08000000000000002 || 0 || 784
1.7154451190943334 1.3421140323584788 0.4373670381136489 0.21714126962229804 0.12663993964423553 0.08000000000000002 || 0 || 786
1.7154451190943334 1.3421140323584788 0.4373670381136489 0.21714126962229804 0.12663993964423553 0.08000000000000002 || 0 || 789
1.0888888035926334 1.3988681863253034 0.4541346259243271 0.2987650117896201 0.18036187235173823 0.08000000000000002 || 0 || 791
1.0888888035926334 1.3988681863253034 0.4541346259243271 0.2987650117896201 0.18036187235173823 0.08000000000000002 || 0 || 794
1.208668207276537 0.9420834194065638 0.2736480876619923 0.32692223379757346 0.15162509637903024 0.08000000000000002 || 0 || 796
1.208668207276537 0.9420834194065638 0.2736480876619923 0.32692223379757346 0.15162509637903024 0.08000000000000002 || 0 || 799
1.208668207276537 0.9420834194065638 0.2736480876619923 0.32692223379757346 0.15162509637903024 0.08000000000000002 || 0 || 801
3.7504234618885914 1.3868735739448594 0.19072919901656138 0.3608209361819985 0.1224767788787531 0.08000000000000002 || 0 || 804
3.7504234618885914 1.3868735739448594 0.19072919901656138 0.3608209361819985 0.1224767788787531 0.08000000000000002 || 0 || 806
4.203664205956474 1.3232637690629607 0.22512625814133047 0.2627925662832135 0.12217500972836735 0.08000000000000002 || 0 || 809
4.203664205956474 1.3232637690629607 0.22512625814133047 0.2627925662832135 0.12217500972836735 0.08000000000000002 || 0 || 811
4.203664205956474 1.3232637690629607 0.22512625814133047 0.2627925662832135 0.12217500972836735 0.08000000000000002 || 0 || 814
3.273071558331308 1.4483436118128468 0.5839326866352019 0.2147092179949655 0.1260999210032099 0.08000000000000002 || 0 || 816
3.273071558331308 1.4483436118128468 0.5839326866352019 0.2147092179949655 0.1260999210032099 0.08000000000000002 || 0 || 819
7.729428055538926 2.11383358151547 0.7916225408478202 0.2447172850875338 0.10513600656689444 0.08000000000000002 || 0 || 821
7.729428055538926 2.11383358151547 0.7916225408478202 0.2447172850875338 0.10513600656689444 0.08000000000000002 || 0 || 823
4.388802029250347 1.4172918973448694 0.6348267588700871 0.3006159113699077 0.10315119751507036 0.08000000000000002 || 0 || 826
4.388802029250347 1.4172918973448694 0.6348267588700871 0.3006159113699077 0.10315119751507036 0.08000000000000002 || 0 || 828
4.388802029250347 1.4172918973448694 0.6348267588700871 0.3006159113699077 0.10315119751507036 0.08000000000000002 || 0 || 831
6.9824766268369265 2.3686179987989635 1.416740085089152 0.3226993396370192 0.13967202108291296 0.08000000000000002 || 0 || 833
6.9824766268369265 2.3686179987989635 1.416740085089152 0.3226993396370192 0.13967202108291296 0.08000000000000002 || 0 || 836
17.17754472731106 5.625900023116683 2.461572137659243 0.5573652129391125 0.23069561652286075 0.08000000000000002 || 0 || 838
17.17754472731106 5.625900023116683 2.461572137659243 0.5573652129391125 0.23069561652286075 0.08000000000000002 || 0 || 841
17.17754472731106 5.625900023116683 2.461572137659243 0.5573652129391125 0.23069561652286075 0.08000000000000002 || 0 || 843
5.3037663645795075 2.2163214659844983 0.8640530053542357 0.38331303752603874 0.19644420962816536 0.08000000000000002 || 0 || 846
5.3037663645795075 2.2163214659844983 0.8640530053542357 0.38331303752603874 0.19644420962816536 0.08000000000000002 || 0 || 848
5.3037663645795075 2.2163214659844983 0.8640530053542357 0.38331303752603874 0.19644420962816536 0.08000000000000002 || 0 || 851
1.075789699103429 0.6730128327665301 0.5057897933413696 0.2418408098309825 0.17726348754291396 0.08000000000000002 || 0 || 853
1.075789699103429 0.6730128327665301 0.5057897933413696 0.2418408098309825 0.17726348754291396 0.08000000000000002 || 0 || 856
0.7298213213536329 0.8541147334732988 0.6448192823944692 0.1590007300340249 0.16378388922521586 0.08000000000000002 || 0 || 858
0.7298213213536329 0.8541147334732988 0.6448192823944692 0.1590007300340249 0.16378388922521586 0.08000000000000002 || 0 || 860
0.7298213213536329 0.8541147334732988 0.6448192823944692 0.1590007300340249 0.16378388922521586 0.08000000000000002 || 0 || 863
0.6631521870115196 0.46820523505812467 0.4760920768394523 0.19290521714686493 0.11207747473348055 0.08000000000000002 || 0 || 865
0.6631521870115196 0.46820523505812467 0.4760920768394523 0.19290521714686493 0.11207747473348055 0.08000000000000002 || 0 || 868
0.6292365516373531 1.0842985766265094 0.5006338063382432 0.3051858908280596 0.09343166217556388 0.08000000000000002 || 0 || 870
0.6292365516373531 1.0842985766265094 0.5006338063382432 0.3051858908280596 0.09343166217556388 0.08000000000000002 || 0 || 873
0.6292365516373531 1.0842985766265094 0.5006338063382432 0.3051858908280596 0.09343166217556388 0.08000000000000002 || 0 || 875
0.7802370743071921 1.7802393957037903 0.445963831145912 0.25658604230139215 0.12866260011583852 0.08000000000000002 || 0 || 878
0.7802370743071921 1.7802393957037903 0.445963831145912 0.25658604230139215 0.12866260011583852 0.08000000000000002 || 0 || 880
1.1367517621133765 0.6928840033081386 0.45272765757182193 0.18943386552362992 0.16624207980465772 0.08000000000000002 || 0 || 883
1.1367517621133765 0.6928840033081386 0.45272765757182193 0.18943386552362992 0.16624207980465772 0.08000000000000002 || 0 || 885
1.1367517621133765 0.6928840033081386 0.45272765757182193 0.18943386552362992 0.16624207980465772 0.08000000000000002 || 0 || 888
1.163567309279781 0.5853963934022242 0.3842553151424683 0.27647074096333285 0.14473576768192445 0.08000000000000002 || 0 || 890
1.163567309279781 0.5853963934022242 0.3842553151424683 0.27647074096333285 0.14473576768192445 0.08000000000000002 || 0 || 893
1.142349975358925 1.083776072618133 0.33961070043873565 0.2954825325142511 0.11359322586323069 0.08000000000000002 || 0 || 895
1.142349975358925 1.083776072618133 0.33961070043873565 0.2954825325142511 0.11359322586323069 0.08000000000000002 || 0 || 897
2.000491738948311 1.0473927178531734 0.505485110517156 0.24009358396823255 0.13772780779899743 0.08000000000000002 || 0 || 900
2.000491738948311 1.0473927178531734 0.505485110517156 0.24009358396823255 0.13772780779899743 0.08000000000000002 || 0 || 902
2.000491738948311 1.0473927178531734 0.505485110517156 0.24009358396823255 0.13772780779899743 0.08000000000000002 || 0 || 905
1.649308004706909 1.0894702413143291 0.29767576615071767 0.303794546533293 0.1252244306983471 0.08000000000000002 || 0 || 907
1.649308004706909 1.0894702413143291 0.29767576615071767 0.303794546533293 0.1252244306983471 0.08000000000000002 || 0 || 910
1.0472257528755116 1.8854508973363038 0.5989852158555524 0.19490643860432527 0.13753755021299485 0.08000000000000002 || 0 || 912
1.0472257528755116 1.8854508973363038 0.5989852158555524 0.19490643860432527 0.13753755021299485 0.08000000000000002 || 0 || 915
1.0472257528755116 1.8854508973363038 0.5989852158555524 0.19490643860432527 0.13753755021299485 0.08000000000000002 || 0 || 917
1.3274720350921312 2.1894487250093584 0.3898697898988061 0.12466139044316067 0.12163919922232662 0.08000000000000002 || 0 || 920
1.3274720350921312 2.1894487250093584 0.3898697898988061 0.12466139044316067 0.12163919922232662 0.08000000000000002 || 0 || 922
1.3274720350921312 2.1894487250093584 0.3898697898988061 0.12466139044316067 0.12163919922232662 0.08000000000000002 || 0 || 925
1.8612479414524452 1.2959902906032954 0.3906213454378375 0.16842034728594218 0.14960106767342315 0.08000000000000002 || 0 || 927
1.8612479414524452 1.2959902906032954 0.3906213454378375 0.16842034728594218 0.14960106767342315 0.08000000000000002 || 0 || 929
2.0355249233816517 0.7537896777513883 0.41097439543809844 0.17614520993454275 0.17044559294379139 0.08000000000000002 || 0 || 932
2.0355249233816517 0.7537896777513883 0.41097439543809844 0.17614520993454275 0.17044559294379139 0.08000000000000002 || 0 || 934
2.0355249233816517 0.7537896777513883 0.41097439543809844 0.17614520993454275 0.17044559294379139 0.08000000000000002 || 0 || 937
2.0568970064488195 0.7180540085157245 0.23286602281112126 0.20384922617707515 0.1433986698125229 0.08000000000000002 || 0 || 939
2.0568970064488195 0.7180540085157245 0.23286602281112126 0.20384922617707515 0.1433986698125229 0.08000000000000002 || 0 || 942
3.6954227078050366 1.1832755708473166 0.25732625226426203 0.1907212753658829 0.10908359223512892 0.08000000000000002 || 0 || 944
3.6954227078050366 1.1832755708473166 0.25732625226426203 0.1907212753658829 0.10908359223512892 0.08000000000000002 || 0 || 947
4.4393910283880285 1.4119352942945365 0.3642514759231607 0.14702708093161682 0.12873783999291522 0.08000000000000002 || 0 || 949
4.4393910283880285 1.4119352942945365 0.3642514759231607 0.14702708093161682 0.12873783999291522 0.08000000000000002 || 0 || 952
4.4393910283880285 1.4119352942945365 0.3642514759231607 0.14702708093161682 0.12873783999291522 0.08000000000000002 || 0 || 954
2.3279654608123344 0.6153788680086989 0.5861556755730032 0.1600738320385856 0.15927667855318553 0.08000000000000002 || 0 || 957
2.3279654608123344 0.6153788680086989 0.5861556755730032 0.1600738320385856 0.15927667855318553 0.08000000000000002 || 0 || 959
2.3279654608123344 0.6153788680086989 0.5861556755730032 0.1600738320385856 0.15927667855318553 0.08000000000000002 || 0 || 962
2.816922142448957 1.1127713321068768 0.5346804152177962 0.25884960115313527 0.14070859173653386 0.08000000000000002 || 0 || 964
2.816922142448957 1.1127713321068768 0.5346804152177962 0.25884960115313527 0.14070859173653386 0.08000000000000002 || 0 || 966
4.441021483809568 1.3727741086359435 0.402316354716917 0.30759739850556256 0.1587805724437024 0.08000000000000002 || 0 || 969
4.441021483809568 1.3727741086359435 0.402316354716917 0.30759739850556256 0.1587805724437024 0.08000000000000002 || 0 || 971
4.441021483809568 1.3727741086359435 0.402316354716917 0.30759739850556256 0.1587805724437024 0.08000000000000002 || 0 || 974
2.8518769702007876 0.8765219217159862 0.30853346820887123 0.27221107689008395 0.1457022749313179 0.08000000000000002 || 0 || 976
2.8518769702007876 0.8765219217159862 0.30853346820887123 0.27221107689008395 0.1457022749313179 0.08000000000000002 || 0 || 979
1.3300623031702514 0.6086248967203924 0.24898396272532905 0.2862618937635 0.13743545165618304 0.08000000000000002 || 0 || 981
1.3300623031702514 0.6086248967203924 0.24898396272532905 0.2862618937635 0.13743545165618304 0.08000000000000002 || 0 || 984
0.7302851469133634 0.48716760305724777 0.2155683645945606 0.17667541032548753 0.11661383707050976 0.08000000000000002 || 0 || 986
0.7302851469133634 0.48716760305724777 0.2155683645945606 0.17667541032548753 0.11661383707050976 0.08000000000000002 || 0 || 989
0.7302851469133634 0.48716760305724777 0.2155683645945606 0.17667541032548753 0.11661383707050976 0.08000000000000002 || 0 || 991
0.6273521431254616 0.5799201524931408 0.24081390747883466 0.1526499498900437 0.13866121597543102 0.08000000000000002 || 0 || 994
0.6273521431254616 0.5799201524931408 0.24081390747883466 0.1526499498900437 0.13866121597543102 0.08000000000000002 || 0 || 996
0.6925811803713288 0.6434662175722319 0.33999657257526755 0.18957896148957548 0.10366482022295564 0.08000000000000002 || 0 || 999
0.6925811803713288 0.6434662175722319 0.33999657257526755 0.18957896148957548 0.10366482022295564 0.08000000000000002 || 0 || 1001
0.6925811803713288 0.6434662175722319 0.33999657257526755 0.18957896148957548 0.10366482022295564 0.08000000000000002 || 0 || 1004
2.8495943770315026 0.797662491445256 0.7627910394849348 0.23547457125883697 0.10402171040683895 0.08000000000000002 || 0 || 1006
2.8495943770315026 0.797662491445256 0.7627910394849348 0.23547457125883697 0.10402171040683895 0.08000000000000002 || 0 || 1008
2.8495943770315026 0.797662491445256 0.7627910394849348 0.23547457125883697 0.10402171040683895 0.08000000000000002 || 0 || 1011
4.240398342740864 0.9840657000520735 0.6103967517889385 0.20043837414269275 0.12747601351472745 0.08000000000000002 || 0 || 1013
4.240398342740864 0.9840657000520735 0.6103967517889385 0.20043837414269275 0.12747601351472745 0.08000000000000002 || 0 || 1016
2.4612519223550455 1.194039741118023 0.5169342713643622 0.1491332973723978 0.10026682183533632 0.08000000000000002 || 0 || 1018
2.4612519223550455 1.194039741118023 0.5169342713643622 0.1491332973723978 0.10026682183533632 0.08000000000000002 || 0 || 1021
1.9698782117872164 0.6353578804806929 0.33142635465283193 0.14301115896140645 0.15941304515574328 0.08000000000000002 || 0 || 1023
1.9698782117872164 0.6353578804806929 0.33142635465283193 0.14301115896140645 0.15941304515574328 0.08000000000000002 || 0 || 1026
1.9698782117872164 0.6353578804806929 0.33142635465283193 0.14301115896140645 0.15941304515574328 0.08000000000000002 || 0 || 1028
2.0334802504753156 0.7364340527849654 0.18708015906513129 0.2567333228017319 0.1785149315119138 0.08000000000000002 || 0 || 1031
2.0334802504753156 0.7364340527849654 0.18708015906513129 0.2567333228017319 0.1785149315119138 0.08000000000000002 || 0 || 1033
2.0334802504753156 0.7364340527849654 0.18708015906513129 0.2567333228017319 0.1785149315119138 0.08000000000000002 || 0 || 1036
1.5401845947796111 1.4629568758543106 0.34425685402527884 0.2150631532242264 0.1104133930787432 0.08000000000000002 || 0 || 1038
1.5401845947796111 1.4629568758543106 0.34425685402527884 0.2150631532242264 0.1104133930787432 0.08000000000000002 || 0 || 1041
0.9654414879597868 2.919013851790684 0.6893258791816474 0.16704567360905043 0.11512508320963107 0.08000000000000002 || 0 || 1043
0.9654414879597868 2.919013851790684 0.6893258791816474 0.16704567360905043 0.11512508320963107 0.08000000000000002 || 0 || 1045
0.7976523837404579 1.7919213204000701 0.6537956171372226 0.26592244462185566 0.13138358764210847 0.08000000000000002 || 0 || 1048
0.7976523837404579 1.7919213204000701 0.6537956171372226 0.26592244462185566 0.13138358764210847 0.08000000000000002 || 0 || 1050
0.7976523837404579 1.7919213204000701 0.6537956171372226 0.26592244462185566 0.13138358764210847 0.08000000000000002 || 0 || 1053
1.434642040535705 0.9706692431476563 0.6371280277997333 0.28772903829559926 0.1281520177194141 0.08000000000000002 || 0 || 1055
1.434642040535705 0.9706692431476563 0.6371280277997333 0.28772903829559926 0.1281520177194141 0.08000000000000002 || 0 || 1058
1.1482485532125055 0.5183230607137663 0.9555665786837433 0.34015554708494483 0.11905554509718698 0.08000000000000002 || 0 || 1060
1.1482485532125055 0.5183230607137663 0.9555665786837433 0.34015554708494483 0.11905554509718698 0.08000000000000002 || 0 || 1063
1.1482485532125055 0.5183230607137663 0.9555665786837433 0.34015554708494483 0.11905554509718698 0.08000000000000002 || 0 || 1065
1.406580155705855 0.5288914530359509 1.2911509399207068 0.3942993875509458 0.10418922697120765 0.08000000000000002 || 0 || 1068
1.406580155705855 0.5288914530359509 1.2911509399207068 0.3942993875509458 0.10418922697120765 0.08000000000000002 || 0 || 1070
3.042562235829395 1.220458118901179 0.727427364778448 0.28302743988299417 0.12334498015393339 0.08000000000000002 || 0 || 1073
3.042562235829395 1.220458118901179 0.727427364778448 0.28302743988299417 0.12334498015393339 0.08000000000000002 || 0 || 1075
3.042562235829395 1.220458118901179 0.727427364778448 0.28302743988299417 0.12334498015393339 0.08000000000000002 || 0 || 1078
6.584236534388679 1.8610412022637581 0.8876042963088883 0.4369028182094147 0.12652653234191347 0.08000000000000002 || 0 || 1080
6.584236534388679 1.8610412022637581 0.8876042963088883 0.4369028182094147 0.12652653234191347 0.08000000000000002 || 0 || 1082
5.914625270468855 1.1611168638475347 0.7181691040266405 0.27389684392012975 0.08158727072626326 0.08000000000000002 || 0 || 1085
5.914625270468855 1.1611168638475347 0.7181691040266405 0.27389684392012975 0.08158727072626326 0.08000000000000002 || 0 || 1087
5.914625270468855 1.1611168638475347 0.7181691040266405 0.27389684392012975 0.08158727072626326 0.08000000000000002 || 0 || 1090
4.645324409228729 0.6646784015759724 0.4773808726174474 0.21533368975571895 0.12395273713564402 0.08000000000000002 || 0 || 1092
4.645324409228729 0.6646784015759724 0.4773808726174474 0.21533368975571895 0.12395273713564402 0.08000000000000002 || 0 || 1095
2.776867190694753 0.8480361964588476 0.14576572885236538 0.24267249704980282 0.15464972326099805 0.08000000000000002 || 0 || 1097
2.776867190694753 0.8480361964588476 0.14576572885236538 0.24267249704980282 0.15464972326099805 0.08000000000000002 || 0 || 1100
2.776867190694753 0.8480361964588476 0.14576572885236538 0.24267249704980282 0.15464972326099805 0.08000000000000002 || 0 || 1102
2.840909808760519 1.507997034139101 0.2575460057158624 0.2936173987564338 0.14409416126089866 0.08000000000000002 || 0 || 1105
2.840909808760519 1.507997034139101 0.2575460057158624 0.2936173987564338 0.14409416126089866 0.08000000000000002 || 0 || 1107
0.013950351093363891 0.05822732229301616 0.019877564914964885 0.013530012808057199 0.028429740189035792 0.08000000000000002 || 0 || 1110
1.720947692755685 0.9780033643748473 0.4385702615721157 0.29519784403898397 0.10413256032741984 0.08000000000000002 || 0 || 1112
1.720947692755685 0.9780033643748473 0.4385702615721157 0.29519784403898397 0.10413256032741984 0.08000000000000002 || 0 || 1114
2.73601247190432 0.7559944354750514 0.443945106152438 0.3742521603212067 0.08697361371729911 0.08000000000000002 || 0 || 1117
2.73601247190432 0.7559944354750514 0.443945106152438 0.3742521603212067 0.08697361371729911 0.08000000000000002 || 0 || 1119
4.4285216747538465 1.2866696992599842 0.5155978078619803 0.2571288551139748 0.10783683524203906 0.08000000000000002 || 0 || 1122
4.4285216747538465 1.2866696992599842 0.5155978078619803 0.2571288551139748 0.10783683524203906 0.08000000000000002 || 0 || 1124
4.4285216747538465 1.2866696992599842 0.5155978078619803 0.2571288551139748 0.10783683524203906 0.08000000000000002 || 0 || 1127
2.370248837830889 2.273816388773766 0.4361430415279586 0.17108285915718321 0.13044769389925118 0.08000000000000002 || 0 || 1129
2.370248837830889 2.273816388773766 0.4361430415279586 0.17108285915718321 0.13044769389925118 0.08000000000000002 || 0 || 1132
2.4991502430136165 1.855835687164775 0.4318834398872568 0.2704353019813322 0.14175525685072893 0.08000000000000002 || 0 || 1134
2.4991502430136165 1.855835687164775 0.4318834398872568 0.2704353019813322 0.14175525685072893 0.08000000000000002 || 0 || 1137
2.4991502430136165 1.855835687164775 0.4318834398872568 0.2704353019813322 0.14175525685072893 0.08000000000000002 || 0 || 1139
3.6002919107412645 0.8969305895670655 0.3613351414002508 0.18391878000581074 0.15985232073359285 0.08000000000000002 || 0 || 1142
3.6002919107412645 0.8969305895670655 0.3613351414002508 0.18391878000581074 0.15985232073359285 0.08000000000000002 || 0 || 1144
2.618043320959251 0.8481708757717514 0.32797708344251936 0.12188014394322486 0.1251363775626844 0.08000000000000002 || 0 || 1147
2.618043320959251 0.8481708757717514 0.32797708344251936 0.12188014394322486 0.1251363775626844 0.08000000000000002 || 0 || 1149
2.618043320959251 0.8481708757717514 0.32797708344251936 0.12188014394322486 0.1251363775626844 0.08000000000000002 || 0 || 1152
1.186509509183181 1.3460302013789582 0.28043894681157155 0.160446723548484 0.14955940446707824 0.08000000000000002 || 0 || 1154
1.186509509183181 1.3460302013789582 0.28043894681157155 0.160446723548484 0.14955940446707824 0.08000000000000002 || 0 || 1156
1.6914758321285308 1.4682624239309783 0.2579589631771749 0.32368426490519997 0.19445454882909155 0.08000000000000002 || 0 || 1159
1.6914758321285308 1.4682624239309783 0.2579589631771749 0.32368426490519997 0.19445454882909155 0.08000000000000002 || 0 || 1161
1.6914758321285308 1.4682624239309783 0.2579589631771749 0.32368426490519997 0.19445454882909155 0.08000000000000002 || 0 || 1164
1.2623451237429915 0.8895288991867714 0.23591794905952745 0.37625088270470236 0.18395008419521103 0.08000000000000002 || 0 || 1166
1.2623451237429915 0.8895288991867714 0.23591794905952745 0.37625088270470236 0.18395008419521103 0.08000000000000002 || 0 || 1169
0.765112507512584 1.0626764655195622 0.4126631089104933 0.1886813843683953 0.11932210110222832 0.08000000000000002 || 0 || 1171
0.765112507512584 1.0626764655195622 0.4126631089104933 0.1886813843683953 0.11932210110222832 0.08000000000000002 || 0 || 1174
0.765112507512584 1.0626764655195622 0.4126631089104933 0.1886813843683953 0.11932210110222832 0.08000000000000002 || 0 || 1176
1.247371472088165 1.4035581088719642 0.8411812671320136 0.17238202726617305 0.10974914864271938 0.08000000000000002 || 0 || 1179
1.247371472088165 1.4035581088719642 0.8411812671320136 0.17238202726617305 0.10974914864271938 0.08000000000000002 || 0 || 1181
0.9985247031520067 1.267489808821317 0.5776111474405003 0.21449898710012233 0.09844242913958985 0.08000000000000002 || 0 || 1183
0.9985247031520067 1.267489808821317 0.5776111474405003 0.21449898710012233 0.09844242913958985 0.08000000000000002 || 0 || 1186
0.9985247031520067 1.267489808821317 0.5776111474405003 0.21449898710012233 0.09844242913958985 0.08000000000000002 || 0 || 1188
0.7361863631006123 1.0196184651610483 0.22809214317046841 0.3130760476902911 0.13415787930612127 0.08000000000000002 || 0 || 1191
0.7361863631006123 1.0196184651610483 0.22809214317046841 0.3130760476902911 0.13415787930612127 0.08000000000000002 || 0 || 1193
0.6677180874534713 0.7988690221214303 0.26408907237725254 0.24129137526772282 0.1401487534594198 0.08000000000000002 || 0 || 1196
0.6677180874534713 0.7988690221214303 0.26408907237725254 0.24129137526772282 0.1401487534594198 0.08000000000000002 || 0 || 1198
0.6677180874534713 0.7988690221214303 0.26408907237725254 0.24129137526772282 0.1401487534594198 0.08000000000000002 || 0 || 1201
0.7342151408435593 1.0869492110357788 0.5476144842813291 0.18280293478889548 0.11044360411894524 0.08000000000000002 || 0 || 1203
0.7342151408435593 1.0869492110357788 0.5476144842813291 0.18280293478889548 0.11044360411894524 0.08000000000000002 || 0 || 1206
1.5217256501271577 1.0919933754952669 0.42692162215103346 0.15797071731524084 0.09304402846408716 0.08000000000000002 || 0 || 1208
1.5217256501271577 1.0919933754952669 0.42692162215103346 0.15797071731524084 0.09304402846408716 0.08000000000000002 || 0 || 1211
1.5217256501271577 1.0919933754952669 0.42692162215103346 0.15797071731524084 0.09304402846408716 0.08000000000000002 || 0 || 1213
3.6480981840455393 1.6538962736539098 0.4278752556894492 0.1971746968754147 0.12894248410627004 0.08000000000000002 || 0 || 1216
3.6480981840455393 1.6538962736539098 0.4278752556894492 0.1971746968754147 0.12894248410627004 0.08000000000000002 || 0 || 1218
3.262385823781344 0.7288829412606211 0.4996687684499482 0.17367993950799243 0.11714463683108715 0.08000000000000002 || 0 || 1221
3.262385823781344 0.7288829412606211 0.4996687684499482 0.17367993950799243 0.11714463683108715 0.08000000000000002 || 1 || 1223
3.262385823781344 0.7288829412606211 0.4996687684499482 0.17367993950799243 0.11714463683108715 0.08000000000000002 || 1 || 1225
1.8827832068376944 0.9375049290399272 0.26858250490005037 0.16678272963207622 0.09294027591842849 0.08000000000000002 || 1 || 1228
1.8827832068376944 0.9375049290399272 0.26858250490005037 0.16678272963207622 0.09294027591842849 0.08000000000000002 || 1 || 1230
1.1003292112526168 1.1498295942593098 0.3135376489718634 0.13093079671925606 0.10297321081865594 0.08000000000000002 || 1 || 1233
1.1003292112526168 1.1498295942593098 0.3135376489718634 0.13093079671925606 0.10297321081865594 0.08000000000000002 || 1 || 1235
1.1003292112526168 1.1498295942593098 0.3135376489718634 0.13093079671925606 0.10297321081865594 0.08000000000000002 || 1 || 1238
0.7842121389254211 0.9476186063794777 0.504385885770027 0.19218143383559388 0.14827245359118935 0.08000000000000002 || 1 || 1240
0.7842121389254211 0.9476186063794777 0.504385885770027 0.19218143383559388 0.14827245359118935 0.08000000000000002 || 1 || 1243
1.1460877839465706 0.9393254151929109 0.7366686269484628 0.30317533362855403 0.12972928220138596 0.08000000000000002 || 1 || 1245
1.1460877839465706 0.9393254151929109 0.7366686269484628 0.30317533362855403 0.12972928220138596 0.08000000000000002 || 1 || 1248
1.1460877839465706 0.9393254151929109 0.7366686269484628 0.30317533362855403 0.12972928220138596 0.08000000000000002 || 1 || 1250
1.0349123618779628 0.7126822142378653 0.33167744370057295 0.33352188530143334 0.10359185646206412 0.08000000000000002 || 1 || 1253
1.0349123618779628 0.7126822142378653 0.33167744370057295 0.33352188530143334 0.10359185646206412 0.08000000000000002 || 1 || 1255
2.2605574787270504 1.3794024281689545 0.23720527255955043 0.31361387467888613 0.09741385129983364 0.08000000000000002 || 1 || 1258
2.2605574787270504 1.3794024281689545 0.23720527255955043 0.31361387467888613 0.09741385129983364 0.08000000000000002 || 1 || 1260
2.2605574787270504 1.3794024281689545 0.23720527255955043 0.31361387467888613 0.09741385129983364 0.08000000000000002 || 1 || 1262
3.022687374965312 1.8579399334980924 0.41054384200560645 0.17683720086678972 0.10487173941890397 0.08000000000000002 || 1 || 1265
3.022687374965312 1.8579399334980924 0.41054384200560645 0.17683720086678972 0.10487173941890397 0.08000000000000002 || 1 || 1267
3.303403264397961 0.9763204404028242 0.7353451679373854 0.17958386374076643 0.18055175671543447 0.08000000000000002 || 1 || 1270
3.303403264397961 0.9763204404028242 0.7353451679373854 0.17958386374076643 0.18055175671543447 0.08000000000000002 || 1 || 1272
3.303403264397961 0.9763204404028242 0.7353451679373854 0.17958386374076643 0.18055175671543447 0.08000000000000002 || 1 || 1275
2.7527562400585786 0.4926207248145072 0.6526945268679074 0.3327664161562176 0.14861224797073935 0.08000000000000002 || 1 || 1277
2.7527562400585786 0.4926207248145072 0.6526945268679074 0.3327664161562176 0.14861224797073935 0.08000000000000002 || 1 || 1280
4.9959034157815845 0.5323979172499214 0.6350223601052051 0.3245202956961267 0.12752071704062373 0.08000000000000002 || 1 || 1282
4.9959034157815845 0.5323979172499214 0.6350223601052051 0.3245202956961267 0.12752071704062373 0.08000000000000002 || 1 || 1285
4.9959034157815845 0.5323979172499214 0.6350223601052051 0.3245202956961267 0.12752071704062373 0.08000000000000002 || 1 || 1287
4.674204433386536 1.1215538358912984 0.8426071337940201 0.27063960225219563 0.12054992727990256 0.08000000000000002 || 1 || 1290
4.674204433386536 1.1215538358912984 0.8426071337940201 0.27063960225219563 0.12054992727990256 0.08000000000000002 || 1 || 1292
1.5635449573268163 2.2591936607308982 0.6143206587447633 0.22068194645236192 0.140787642054553 0.08000000000000002 || 1 || 1294
1.5635449573268163 2.2591936607308982 0.6143206587447633 0.22068194645236192 0.140787642054553 0.08000000000000002 || 1 || 1297
1.5635449573268163 2.2591936607308982 0.6143206587447633 0.22068194645236192 0.140787642054553 0.08000000000000002 || 1 || 1299
2.5296819889939197 1.971384144660504 0.43466216761116844 0.18390978350619522 0.10235485769902027 0.08000000000000002 || 1 || 1302
2.5296819889939197 1.971384144660504 0.43466216761116844 0.18390978350619522 0.10235485769902027 0.08000000000000002 || 1 || 1304
2.712803541043373 1.0163336346885965 0.25654480990454626 0.16140936530204353 0.09131680062433009 0.08000000000000002 || 1 || 1307
2.712803541043373 1.0163336346885965 0.25654480990454626 0.16140936530204353 0.09131680062433009 0.08000000000000002 || 1 || 1309
2.712803541043373 1.0163336346885965 0.25654480990454626 0.16140936530204353 0.09131680062433009 0.08000000000000002 || 1 || 1312
1.8399752329287056 1.002183665705244 0.3180756418088044 0.1864342089017553 0.11786869637500279 0.08000000000000002 || 1 || 1314
1.8399752329287056 1.002183665705244 0.3180756418088044 0.1864342089017553 0.11786869637500279 0.08000000000000002 || 1 || 1317
1.0987829702001781 1.2134565038065281 0.6236508386148881 0.22968195613001274 0.13613088917168983 0.08000000000000002 || 1 || 1319
1.0987829702001781 1.2134565038065281 0.6236508386148881 0.22968195613001274 0.13613088917168983 0.08000000000000002 || 1 || 1322
1.0987829702001781 1.2134565038065281 0.6236508386148881 0.22968195613001274 0.13613088917168983 0.08000000000000002 || 1 || 1324
1.692474843934509 1.5033097216705307 0.6890089611923648 0.26628725040487805 0.12734034065207187 0.08000000000000002 || 1 || 1327
1.692474843934509 1.5033097216705307 0.6890089611923648 0.26628725040487805 0.12734034065207187 0.08000000000000002 || 1 || 1329
1.512263092483296 1.7226652807097111 0.8331769694902502 0.2863258546126522 0.10613280272360667 0.08000000000000002 || 1 || 1332
1.512263092483296 1.7226652807097111 0.8331769694902502 0.2863258546126522 0.10613280272360667 0.08000000000000002 || 1 || 1334
1.512263092483296 1.7226652807097111 0.8331769694902502 0.2863258546126522 0.10613280272360667 0.08000000000000002 || 1 || 1336
1.4751554726960565 1.0015296821797277 0.6521553187817397 0.3090178470413282 0.1191683697949707 0.08000000000000002 || 1 || 1339
1.4751554726960565 1.0015296821797277 0.6521553187817397 0.3090178470413282 0.1191683697949707 0.08000000000000002 || 1 || 1341
2.830775471989301 1.3822273378662528 0.6036260010823149 0.5753629304255331 0.1391477262920369 0.08000000000000002 || 1 || 1344
2.830775471989301 1.3822273378662528 0.6036260010823149 0.5753629304255331 0.1391477262920369 0.08000000000000002 || 1 || 1346
2.830775471989301 1.3822273378662528 0.6036260010823149 0.5753629304255331 0.1391477262920369 0.08000000000000002 || 1 || 1349
2.515851866942384 1.6189332061723627 0.31909066036854605 0.4784290383856408 0.1986525499437256 0.08000000000000002 || 1 || 1351
2.515851866942384 1.6189332061723627 0.31909066036854605 0.4784290383856408 0.1986525499437256 0.08000000000000002 || 1 || 1354
1.5032633854524176 1.1600958299683817 0.5814535000454427 0.2031060137550594 0.14181387326211348 0.08000000000000002 || 1 || 1356
1.5032633854524176 1.1600958299683817 0.5814535000454427 0.2031060137550594 0.14181387326211348 0.08000000000000002 || 1 || 1359
1.5032633854524176 1.1600958299683817 0.5814535000454427 0.2031060137550594 0.14181387326211348 0.08000000000000002 || 1 || 1361
1.2660888365727758 1.1104534100164694 0.8161913472335445 0.12445960388609638 0.0918301876910911 0.08000000000000002 || 1 || 1364
1.2660888365727758 1.1104534100164694 0.8161913472335445 0.12445960388609638 0.0918301876910911 0.08000000000000002 || 1 || 1366
2.28935413344186 1.5124550059296655 0.43026802041944706 0.1601618145323405 0.10074798905221387 0.08000000000000002 || 1 || 1369
2.28935413344186 1.5124550059296655 0.43026802041944706 0.1601618145323405 0.10074798905221387 0.08000000000000002 || 1 || 1371
2.28935413344186 1.5124550059296655 0.43026802041944706 0.1601618145323405 0.10074798905221387 0.08000000000000002 || 1 || 1373
2.6038961316072413 2.0690896138028108 0.2151363360719157 0.2128013330882823 0.08555784585321181 0.08000000000000002 || 1 || 1376
2.6038961316072413 2.0690896138028108 0.2151363360719157 0.2128013330882823 0.08555784585321181 0.08000000000000002 || 1 || 1378
1.5336034508204088 1.8646988750545874 0.3053469805801327 0.3160088136734058 0.1090693273918632 0.08000000000000002 || 1 || 1381
1.5336034508204088 1.8646988750545874 0.3053469805801327 0.3160088136734058 0.1090693273918632 0.08000000000000002 || 1 || 1383
1.5336034508204088 1.8646988750545874 0.3053469805801327 0.3160088136734058 0.1090693273918632 0.08000000000000002 || 1 || 1386
1.3885989855075884 1.8245667083508808 0.6117350736674873 0.22064388282202377 0.12916562493691192 0.08000000000000002 || 1 || 1388
1.3885989855075884 1.8245667083508808 0.6117350736674873 0.22064388282202377 0.12916562493691192 0.08000000000000002 || 1 || 1391
1.7027380071969782 2.707937417884563 0.7665460299171797 0.15179826000651522 0.12238571586113763 0.08000000000000002 || 1 || 1393
1.7027380071969782 2.707937417884563 0.7665460299171797 0.15179826000651522 0.12238571586113763 0.08000000000000002 || 1 || 1396
1.7027380071969782 2.707937417884563 0.7665460299171797 0.15179826000651522 0.12238571586113763 0.08000000000000002 || 1 || 1398
1.1058155066760817 1.212791672034482 0.868009971171885 0.22785121565172348 0.14205125175781946 0.08000000000000002 || 1 || 1401
1.1058155066760817 1.212791672034482 0.868009971171885 0.22785121565172348 0.14205125175781946 0.08000000000000002 || 1 || 1403
0.9755975619087894 1.869638678670285 0.8057879553820961 0.3135950847713097 0.14040752874602275 0.08000000000000002 || 1 || 1405
0.9755975619087894 1.869638678670285 0.8057879553820961 0.3135950847713097 0.14040752874602275 0.08000000000000002 || 1 || 1408
0.9755975619087894 1.869638678670285 0.8057879553820961 0.3135950847713097 0.14040752874602275 0.08000000000000002 || 1 || 1410
1.0180698779494322 1.556384519064526 0.7361405364173041 0.3297969172679993 0.1346851024035407 0.08000000000000002 || 1 || 1413
1.0180698779494322 1.556384519064526 0.7361405364173041 0.3297969172679993 0.1346851024035407 0.08000000000000002 || 1 || 1415
1.495082739548576 1.1907460790429072 0.598064771226325 0.3575300675920591 0.13615549815189135 0.08000000000000002 || 1 || 1418
1.495082739548576 1.1907460790429072 0.598064771226325 0.3575300675920591 0.13615549815189135 0.08000000000000002 || 1 || 1420
1.495082739548576 1.1907460790429072 0.598064771226325 0.3575300675920591 0.13615549815189135 0.08000000000000002 || 1 || 1423
2.169923105257782 0.711229086070159 0.5536029741338372 0.27994750103316896 0.1634622266368599 0.08000000000000002 || 1 || 1425
2.169923105257782 0.711229086070159 0.5536029741338372 0.27994750103316896 0.1634622266368599 0.08000000000000002 || 1 || 1428
1.1621096654423821 0.43367670132035907 0.489983519197381 0.19872906941671242 0.16834276421788202 0.08000000000000002 || 1 || 1430
1.1621096654423821 0.43367670132035907 0.489983519197381 0.19872906941671242 0.16834276421788202 0.08000000000000002 || 1 || 1433
1.1621096654423821 0.43367670132035907 0.489983519197381 0.19872906941671242 0.16834276421788202 0.08000000000000002 || 1 || 1435
0.7009316018529155 0.452105790494177 0.6613704301218913 0.24750524700653043 0.12328245446135297 0.08000000000000002 || 1 || 1438
0.7009316018529155 0.452105790494177 0.6613704301218913 0.24750524700653043 0.12328245446135297 0.08000000000000002 || 1 || 1440
2.0826669550578396 0.6701644141891543 0.922888448347436 0.2788784884989275 0.08442504079241282 0.08000000000000002 || 1 || 1442
2.0826669550578396 0.6701644141891543 0.922888448347436 0.2788784884989275 0.08442504079241282 0.08000000000000002 || 1 || 1445
2.0826669550578396 0.6701644141891543 0.922888448347436 0.2788784884989275 0.08442504079241282 0.08000000000000002 || 1 || 1447
1.6672806274489413 0.6476907485249119 0.7164718480126916 0.283469578229738 0.07162748854190668 0.08000000000000002 || 1 || 1450
1.6672806274489413 0.6476907485249119 0.7164718480126916 0.283469578229738 0.07162748854190668 0.08000000000000002 || 1 || 1452
1.4510439315276178 0.8751332093772866 0.3414083433435266 0.22883603290384383 0.08904838634582993 0.08000000000000002 || 1 || 1455
1.4510439315276178 0.8751332093772866 0.3414083433435266 0.22883603290384383 0.08904838634582993 0.08000000000000002 || 1 || 1457
1.4510439315276178 0.8751332093772866 0.3414083433435266 0.22883603290384383 0.08904838634582993 0.08000000000000002 || 1 || 1460
2.134690457978225 1.0288179317934585 0.4499877757590607 0.18651568303127428 0.16077960807890776 0.08000000000000002 || 1 || 1462
2.134690457978225 1.0288179317934585 0.4499877757590607 0.18651568303127428 0.16077960807890776 0.08000000000000002 || 1 || 1465
2.1408680510226876 0.8005573612995174 0.3554787765269516 0.19565313287587396 0.18425653583325827 0.08000000000000002 || 1 || 1467
2.1408680510226876 0.8005573612995174 0.3554787765269516 0.19565313287587396 0.18425653583325827 0.08000000000000002 || 1 || 1470
2.1408680510226876 0.8005573612995174 0.3554787765269516 0.19565313287587396 0.18425653583325827 0.08000000000000002 || 1 || 1472
2.848406090455406 0.4980872565348828 0.3049767898730504 0.19469186019632 0.13337039536806677 0.08000000000000002 || 1 || 1474
2.848406090455406 0.4980872565348828 0.3049767898730504 0.19469186019632 0.13337039536806677 0.08000000000000002 || 1 || 1477
1.574906708580677 0.43580914266439513 0.20960137858660124 0.19856255942896184 0.1462402610854094 0.08000000000000002 || 1 || 1479
1.574906708580677 0.43580914266439513 0.20960137858660124 0.19856255942896184 0.1462402610854094 0.08000000000000002 || 1 || 1482
1.574906708580677 0.43580914266439513 0.20960137858660124 0.19856255942896184 0.1462402610854094 0.08000000000000002 || 1 || 1484
1.0496393391784529 0.5635432348921321 0.14706302764014526 0.1805053555452044 0.21972162540758078 0.08000000000000002 || 1 || 1487
1.0496393391784529 0.5635432348921321 0.14706302764014526 0.1805053555452044 0.21972162540758078 0.08000000000000002 || 1 || 1489
1.3241818635752443 0.7505083286280317 0.25010818890625497 0.20811062622739482 0.16334925041504747 0.08000000000000002 || 1 || 1492
1.3241818635752443 0.7505083286280317 0.25010818890625497 0.20811062622739482 0.16334925041504747 0.08000000000000002 || 1 || 1494
1.3241818635752443 0.7505083286280317 0.25010818890625497 0.20811062622739482 0.16334925041504747 0.08000000000000002 || 1 || 1497
1.911895493066685 0.7976278698970365 0.4489014771122771 0.3472041057969654 0.10396451795258549 0.08000000000000002 || 1 || 1499
1.911895493066685 0.7976278698970365 0.4489014771122771 0.3472041057969654 0.10396451795258549 0.08000000000000002 || 1 || 1502
2.1502263832164195 1.2155421918633957 0.4328821270467417 0.35168426214691 0.0776707161827407 0.08000000000000002 || 1 || 1504
2.1502263832164195 1.2155421918633957 0.4328821270467417 0.35168426214691 0.0776707161827407 0.08000000000000002 || 1 || 1507
2.1502263832164195 1.2155421918633957 0.4328821270467417 0.35168426214691 0.0776707161827407 0.08000000000000002 || 1 || 1509
0.7786183212651153 1.0273425688089914 0.5045621842707306 0.1786685808524391 0.12458821072924588 0.08000000000000002 || 1 || 1511
0.7786183212651153 1.0273425688089914 0.5045621842707306 0.1786685808524391 0.12458821072924588 0.08000000000000002 || 1 || 1514
0.3060059214203198 0.703569360630711 0.2830619257645623 0.2030805954841938 0.15193472005307498 0.08000000000000002 || 1 || 1516
0.3060059214203198 0.703569360630711 0.2830619257645623 0.2030805954841938 0.15193472005307498 0.08000000000000002 || 1 || 1519
0.3060059214203198 0.703569360630711 0.2830619257645623 0.2030805954841938 0.15193472005307498 0.08000000000000002 || 1 || 1521
0.47949089399918576 0.6394544473108071 0.1995638036123436 0.20344416827887546 0.11371409199956942 0.08000000000000002 || 1 || 1524
0.47949089399918576 0.6394544473108071 0.1995638036123436 0.20344416827887546 0.11371409199956942 0.08000000000000002 || 1 || 1526
1.1587626082903884 1.1747126291149226 0.251221268443859 0.1273934340724316 0.08665617737090199 0.08000000000000002 || 1 || 1529
1.1587626082903884 1.1747126291149226 0.251221268443859 0.1273934340724316 0.08665617737090199 0.08000000000000002 || 1 || 1531
1.1587626082903884 1.1747126291149226 0.251221268443859 0.1273934340724316 0.08665617737090199 0.08000000000000002 || 1 || 1534
0.9041965817093423 1.6163623439774701 0.4752332391889637 0.25663998082619804 0.09766806729690701 0.08000000000000002 || 1 || 1536
0.9041965817093423 1.6163623439774701 0.4752332391889637 0.25663998082619804 0.09766806729690701 0.08000000000000002 || 1 || 1539
0.7735613584895438 1.1701489777693537 0.39230747315106246 0.24662202873780098 0.09521962560379388 0.08000000000000002 || 1 || 1541
0.7735613584895438 1.1701489777693537 0.39230747315106246 0.24662202873780098 0.09521962560379388 0.08000000000000002 || 1 || 1544
0.7735613584895438 1.1701489777693537 0.39230747315106246 0.24662202873780098 0.09521962560379388 0.08000000000000002 || 1 || 1546
1.0799741434665064 0.9589210254400952 0.17025599376495 0.3506041785163424 0.08720378177860327 0.08000000000000002 || 1 || 1549
1.0799741434665064 0.9589210254400952 0.17025599376495 0.3506041785163424 0.08720378177860327 0.08000000000000002 || 1 || 1551
1.8750462950739422 0.8807619913723876 0.4656519372728785 0.25189053359264063 0.0716885923707752 0.08000000000000002 || 1 || 1553
1.8750462950739422 0.8807619913723876 0.4656519372728785 0.25189053359264063 0.0716885923707752 0.08000000000000002 || 1 || 1556
1.8750462950739422 0.8807619913723876 0.4656519372728785 0.25189053359264063 0.0716885923707752 0.08000000000000002 || 1 || 1558
1.6047433727296945 0.964821464307182 0.6691077614452441 0.28194996988384247 0.0924456959144667 0.08000000000000002 || 1 || 1558
1.6047433727296945 0.964821464307182 0.6691077614452441 0.28194996988384247 0.0924456959144667 0.08000000000000002 || 1 || 1558
0.9057709385201876 0.8307832256616364 1.1948854200711971 0.2675373127856049 0.10487786964992347 0.08000000000000002 || 1 || 1558
0.9057709385201876 0.8307832256616364 1.1948854200711971 0.2675373127856049 0.10487786964992347 0.08000000000000002 || 1 || 1558